sample	moss_0.001_1x_1	moss_0.001_2x_1	moss_0.001_4x_1	moss_0.001_8x_1	moss_0.002_1x_1	moss_0.002_2x_1	moss_0.002_4x_1	moss_0.002_8x_1	moss_0.004_1x_1	moss_0.004_2x_1	moss_0.004_4x_1	moss_0.004_8x_1	moss_0.006_1x_1	moss_0.006_2x_1	moss_0.006_4x_1	moss_0.006_8x_1	moss_0.008_1x_1	moss_0.008_2x_1	moss_0.008_4x_1	moss_0.008_8x_1	moss_0.01_1x_1	moss_0.01_2x_1	moss_0.01_4x_1	moss_0.01_8x_1	moss_0.02_1x_1	moss_0.02_2x_1	moss_0.02_4x_1	moss_0.02_8x_1	moss_0.0_1x_1	moss_0.0_2x_1	moss_0.0_4x_1	moss_0.0_8x_1
moss_0.001_1x_1	0.0	0.0	0.0	0.0	0.0015722997470655766	0.0013422661563958704	0.0004587431803494599	0.0007970258939261757	0.0033747166070164964	0.0033415928925642677	0.002212643537338274	0.002596658273866413	0.005591409262627554	0.005000053119801463	0.004141093587946036	0.004154793983705339	0.007467520730167542	0.006638802822694601	0.005622713904505152	0.005689692329917854	0.009167451375277965	0.008399231243965846	0.0073746622807978985	0.007482659560258277	0.017796261019413902	0.016639967674758897	0.015568617115981098	0.015790075875138386	0.0	0.0	0.0	0.0
moss_0.001_2x_1	0.0	0.0	0.0	0.0	0.0014967667879086178	0.0011628350554871534	0.0	0.0006726814052842607	0.003310179693401067	0.00306217401518494	0.001989171691438891	0.002390915935628048	0.005667530963264201	0.004847601205489809	0.0038560870392060197	0.0041217768829400914	0.007467701277479559	0.006490019712483369	0.0054052598297561925	0.005628859881167702	0.0093914568762951	0.008527767846301852	0.007368664981952777	0.0075976238097017245	0.018511782453731092	0.016994728352412298	0.015918284626804176	0.016351220065494016	0.0	0.0	0.0	0.0
moss_0.001_4x_1	0.0	0.0	0.0	0.0	0.0007042823044081697	0.0	0.0	0.0006641651599386537	0.0024932968322893996	0.0021876179039511372	0.0013893872426216133	0.0025365587445715983	0.004777057358870528	0.003865780579307874	0.0032343287216410094	0.004108120399200746	0.006662088450783002	0.0056721887168005225	0.004788324783822954	0.005874157938386027	0.008815358734036076	0.007753269327470395	0.006799629315060435	0.007817593380976224	0.017665244390040403	0.016381443811409886	0.015458435924184713	0.01630979648568369	0.0	0.0	0.0	0.0
moss_0.001_8x_1	0.0	0.0	0.0	0.0	0.0010974216995113168	0.0007185534179730483	0.0007048626131116041	0.0030486542394199943	0.0026943753901932208	0.0026305564082765307	0.0024701983344005305	0.00472349178926965	0.005223719281008084	0.004344303505376428	0.004338322257262752	0.006471062405594875	0.00697726490958113	0.00602963352442063	0.005930578032454865	0.008054621566868026	0.0089749160344684	0.008159073809688272	0.007869315204430148	0.009942860251206104	0.018041272073018887	0.017065100171951966	0.016588437423318253	0.018506622079569896	0.0	0.0	0.0	0.0013946953821125205
moss_0.002_1x_1	0.0015706214833831741	0.0015369655011265903	0.0007173090898275121	0.0010809505730007447	0.0	0.0	0.0	0.0	0.00451723473846524	0.004576628376317776	0.0034817665117666636	0.0038168510376546567	0.006761495265071396	0.006158929845584038	0.0052357389339339235	0.0053128734513119774	0.008677614439099191	0.007850947179014831	0.006747837279639933	0.0068441838784793615	0.010290818550791805	0.009670493978204844	0.00873801944831809	0.008769568915470443	0.018899588123195667	0.017668063638658464	0.0168698301153591	0.016985468348882354	0.0005529094040539808	0.0	0.0	0.00040205887401502627
moss_0.002_2x_1	0.0013049058529261887	0.0011620279681727132	0.0	0.0006909496148043509	0.0	0.0	0.0	0.0	0.004311084221030755	0.0040285946992007285	0.0030177756212586638	0.003430103719415763	0.006543487350775017	0.005757782701390284	0.004753912617411203	0.005058633041836309	0.008265479734092022	0.007392309618151568	0.0063751079274691185	0.006648073774203614	0.010243772730469067	0.009478635053291563	0.008273210777033945	0.008556512617190048	0.01908391738511474	0.01774930497019944	0.016714399755329408	0.017067731264050336	0.0	0.0	0.0	0.0
moss_0.002_4x_1	0.00044962640069220355	0.0	0.0	0.0006849223330759561	0.0	0.0	0.0	0.0	0.0035214936447075166	0.003125731177476004	0.0022862905588794716	0.0033275687195212325	0.00563333442302131	0.004801784601395209	0.004155504442809988	0.005042761545711728	0.007382084837135866	0.006519537006664144	0.005634597616707691	0.0066970255332783135	0.009646351287841777	0.008605543248742091	0.007689471696360188	0.008658472035724311	0.018591128566542638	0.017231017346450998	0.01633987570762828	0.017158431419524497	0.0	0.0	0.0	0.0
moss_0.002_8x_1	0.0008081614911079508	0.0006988597541252745	0.0006828464643202531	0.0030481499689916933	0.0	0.0	0.0	0.0	0.003698257679391303	0.003532918274411896	0.0033730036284481575	0.005607850822676111	0.005964013727380258	0.005216721452435298	0.005193989060805778	0.0071790178295411625	0.00782138510980885	0.006907561740528982	0.006775128659439248	0.008871491932982591	0.009789793375382144	0.00908659564850695	0.008666975246296959	0.010717013914325472	0.01875522488826176	0.01767913820169059	0.017301526586206803	0.019032050313817328	0.0	0.0	0.0	0.00221842585050711
moss_0.004_1x_1	0.00336578495145077	0.00339397690779637	0.002536277865460559	0.0026510497840139475	0.004510092390464379	0.0044233324249122975	0.003585475116426509	0.0036409443314283844	0.0	0.0	0.0	0.0	0.008276076676305722	0.008049738308807172	0.007025678808135775	0.006847986844928641	0.010242149663235169	0.009526026622145481	0.00848810182145923	0.008394195395522516	0.012031566927275278	0.011338111650820819	0.010292999203511169	0.010287896498966163	0.01996762030707835	0.019155913678780594	0.01804877930740021	0.018083748968889937	0.0024577886067102405	0.002115729152024943	0.001827855257088271	0.0020460795220378428
moss_0.004_2x_1	0.0032452872010357583	0.003057087642926847	0.0021692936857993887	0.0025281318170861993	0.004449286573181326	0.004024691338473772	0.0031021788736764733	0.0033969775056246734	0.0	0.0	0.0	0.0	0.008230253645447256	0.007562776336788118	0.00655913196135642	0.006765949143245739	0.010010165151844828	0.009171429309060605	0.008131763073529077	0.00838550318571202	0.01210005514536246	0.010972246023056199	0.009881277604217592	0.010197982090619928	0.02019483381473457	0.019023768546577818	0.018163229934711176	0.01828024365726474	0.00215197672714529	0.0016067132268507028	0.0013612355987642846	0.0018110607273814883
moss_0.004_4x_1	0.0021650797625687663	0.001998465637156318	0.0013865852554949933	0.0023975561474341104	0.003409799558864326	0.0030336690566746794	0.002283331034380122	0.003274845234116775	0.0	0.0	0.0	0.0	0.007427549781740512	0.00656341381724401	0.00585285765539961	0.006728052567370928	0.009078889077903746	0.008119833362711949	0.007304199539666082	0.008389453157865642	0.01117214523155799	0.010129166115197827	0.009158582510147376	0.01010045630688958	0.019727038083580794	0.018526149724747764	0.01779051539831927	0.01846823885847995	0.0011034980150705402	0.0006216271949115132	0.0004922828888591662	0.0016121087582057396
moss_0.004_8x_1	0.0026288208491285253	0.0024806188774386343	0.0026053834559380228	0.0047197431168517845	0.0038667945955740066	0.003560480166333299	0.003420102833058908	0.00560433379998339	0.0	0.0	0.0	0.0	0.007737330707375544	0.00701525101084978	0.006972169408336888	0.008902452422375924	0.009507676525693258	0.008623968758575993	0.00849728169498517	0.010578974814842365	0.0114368660822643	0.010702877554528551	0.010285519534615149	0.012326336513201294	0.02007481235669337	0.019167343699918835	0.018629210010863016	0.020420222327009022	0.00137126039397659	0.0011704656580123923	0.0017101986120067068	0.004043595221612361
moss_0.006_1x_1	0.005565638339178288	0.005799876691099104	0.00485156937667453	0.005133255022975935	0.006737525579876706	0.006700875378753001	0.005726122999872121	0.005863487391558013	0.008259783296697467	0.008436169659565966	0.007561493648377685	0.0076176139668513	0.0	0.0	0.0	0.0	0.012320748369753321	0.011717582923514758	0.01056379552771786	0.010518721180478299	0.014174205694044116	0.013340190402919798	0.012352842738582677	0.012305344570240831	0.022081915651367964	0.021076376824826402	0.020267722760950593	0.020326293339959143	0.004291946914199301	0.004491199062061788	0.004066109883234764	0.004426936970159473
moss_0.006_2x_1	0.004851483042667772	0.004835158584127718	0.003830528646445893	0.004172820415757784	0.005982139897499116	0.0057469761993533715	0.0047619883950468095	0.005013101690829818	0.007830931431463618	0.0075559029231870405	0.006518737019723915	0.006750187529413507	0.0	0.0	0.0	0.0	0.011718396426917651	0.010693801595633443	0.009693302210882713	0.009801834791438258	0.01355132136570112	0.012590237275946112	0.011595465131212587	0.011749320132337175	0.02144591435649562	0.020675138033464577	0.019526367540738675	0.019788145219388206	0.0037478515822960945	0.003539176929875572	0.0031025591315845557	0.0034907659063198775
moss_0.006_4x_1	0.00404806599015312	0.0038706414811935656	0.0032256100423205822	0.0042087052035966015	0.005122708109819221	0.004774771645742617	0.004147292338686865	0.005040357629693525	0.0068832988998297606	0.006593314275182649	0.005848835409516452	0.0067723768678660465	0.0	0.0	0.0	0.0	0.01073541387066697	0.009827494857097713	0.008966866584354688	0.009897762011444863	0.012800879736591882	0.011935785758202384	0.011037834242782043	0.011816501856313487	0.021108648462724845	0.020096865992093354	0.019330755232250224	0.019985387516772427	0.0028689106145272317	0.002525008403962658	0.0023632711239401504	0.0034270453379779027
moss_0.006_8x_1	0.004201374366013532	0.004271821134469196	0.0042165717867911606	0.006463034042562708	0.005376414552380156	0.005245464661189822	0.0051791791388437905	0.007171303455135812	0.006938212457856664	0.007020279115787451	0.0069179786901584365	0.008898459752666829	0.0	0.0	0.0	0.0	0.010910835228536813	0.010210537313847731	0.01004639138586176	0.012098096134276842	0.012996902573946171	0.012365372525942244	0.01201690462633387	0.013956041380491212	0.02145422036024832	0.020669532281170064	0.020168720244879975	0.021901456787868406	0.002914475922606495	0.002874329338653261	0.0034165014990806355	0.005647012899969129
moss_0.008_1x_1	0.007413887738345128	0.0076224490604641535	0.006750095520406977	0.0068408610059952565	0.008624551705029864	0.008442473307195825	0.0074857946128451544	0.007672221679692858	0.010195679203614928	0.010234051471955028	0.009220235677990756	0.009338937913607265	0.012289125681649544	0.011990699987459896	0.010911588809708904	0.010727699909081475	0.0	0.0	0.0	0.0	0.015471670399927709	0.015149278125530187	0.014146664694504672	0.013983823726611602	0.023582003710806453	0.0225785533084642	0.02192667242851057	0.02153766316901804	0.006554690783383764	0.006227572970192062	0.005891980513828164	0.006120263620623049
moss_0.008_2x_1	0.00643793246242909	0.006469694179369747	0.005618187532710626	0.00579044821320438	0.007621417449712911	0.007374238669040285	0.006462756836154152	0.00663653741066131	0.00926213047602516	0.009157862215637566	0.008060874220212955	0.008296007538258803	0.01141581128986335	0.010687671783372613	0.009764260102651844	0.009831702435348104	0.0	0.0	0.0	0.0	0.015029491702549082	0.01423285833546545	0.013202516517665353	0.013290201993399092	0.022796610702981796	0.02233733754135894	0.02128915669333957	0.021342204212518315	0.005288603297660155	0.005012994352964877	0.004818484949362228	0.005034371290143599
moss_0.008_4x_1	0.005484571416011634	0.005414275572665639	0.00476631952979946	0.005742692666372303	0.006588094031582243	0.006389670278488931	0.0056127616781954	0.006562533691090824	0.008298711727664287	0.008157219463112398	0.007285333444842687	0.008238517560351419	0.010346712325370626	0.009731542220519591	0.008949935623313759	0.00974747769607081	0.0	0.0	0.0	0.0	0.014185476244143293	0.013445096493761199	0.01258004013647776	0.013224217838844522	0.02231140592403824	0.021418423394732006	0.020760585267035576	0.021266604452925095	0.004234094518344296	0.003985836403096172	0.003944681905973294	0.0048593640756932795
moss_0.008_8x_1	0.005747959063424836	0.0058288018265243175	0.006025519698867545	0.008041860955360646	0.006919581472717299	0.006887653266028546	0.006874041466022724	0.008858915368481176	0.00849709788629768	0.008693271942238416	0.008621029023462009	0.010570579048618809	0.010664213360674496	0.010168427181307173	0.010176399484424831	0.012093908012828907	0.0	0.0	0.0	0.0	0.014483705536612462	0.014042640509300696	0.013638602186562787	0.015509205440542061	0.022733885498438272	0.022243516077785932	0.021726440797099147	0.02340655498247667	0.0043673093842012765	0.004457025927926032	0.005193205106587096	0.0072361863337643325
moss_0.01_1x_1	0.009096318146551128	0.009580149641505923	0.00892830217271436	0.00879861960016048	0.01022188361786688	0.010456512501442219	0.009777882865738963	0.009601847832611816	0.011969918623704582	0.012362485946235057	0.011340718706549957	0.011231736012690481	0.01412938211907443	0.013856804245708315	0.013004240056520703	0.012776226065728088	0.0154621743054544	0.015375886735024108	0.014439424139496752	0.014248904315660879	0.0	0.0	0.0	0.0	0.02507537414199265	0.024269531419699793	0.02339392127673153	0.023312425918339836	0.008249935492691795	0.008319738920440897	0.008099697083213116	0.008198535156778592
moss_0.01_2x_1	0.008141536861382954	0.00849713376062907	0.007677189287975895	0.007835444474482528	0.009383799117324072	0.009451067485616596	0.008527972236053878	0.008730093381658848	0.011019511109141438	0.0109508466677826	0.010052235514696407	0.010295328762976496	0.012991411440449898	0.01257704511207618	0.01185486717068715	0.011905893471049827	0.014791824419428305	0.01422608245222099	0.013380772843823824	0.013531711783021282	0.0	0.0	0.0	0.0	0.024686733319392435	0.023794009595005786	0.022742999818698293	0.022881460335879143	0.007268039598644034	0.006997676788265486	0.0068994993757428335	0.007118772647235196
moss_0.01_4x_1	0.007190261816089441	0.0073777843271060775	0.006766633794736838	0.0076197500205579	0.00852741503309166	0.00828862063941602	0.007657666816216724	0.00839464679186179	0.010059339745267442	0.009908222280145415	0.009132439349017312	0.009971630143363056	0.012094598603825633	0.01163652020473299	0.011013979725125437	0.011658791959033677	0.013885317265241328	0.01325581266254526	0.012576429097388892	0.013240131475297668	0.0	0.0	0.0	0.0	0.023922731961656923	0.023082633113242206	0.022188728322785824	0.022730282815055826	0.006272027380542989	0.005892767736845661	0.005952020411503436	0.006825303692364495
moss_0.01_8x_1	0.007550862877691191	0.007859140995244547	0.008013131707320572	0.009922749440478608	0.008856265551471074	0.00885566694081303	0.00888074817924678	0.010697121320984226	0.010402834569198646	0.01056172288287816	0.010371843339503516	0.012311120821155786	0.012463027263912707	0.012176377893648803	0.012140176389588269	0.013945055336643381	0.01419690988846538	0.013777492547063988	0.013611247198881017	0.015502366449089382	0.0	0.0	0.0	0.0	0.02430282245602645	0.023691729131791548	0.023164777362168827	0.02471631796630641	0.006392575460533657	0.006404986439367919	0.00724030796683831	0.00921806264518521
moss_0.02_1x_1	0.0176506799533294	0.0188651247513313	0.017886449251649568	0.01770861719597103	0.018764394315711582	0.019460069241501517	0.018837291724461813	0.018415525181653878	0.019854899093504484	0.020610038768922038	0.020013439061670798	0.019731319570164673	0.02199925977036784	0.021903551277458883	0.021428841044852234	0.021103308975868335	0.02355187462780253	0.023293111307932744	0.022691229547334695	0.022375443752693305	0.025058289603144844	0.025231478395160687	0.024334633155300583	0.023937136312043913	0.0	0.0	0.0	0.0	0.01700818687657773	0.01744928926429157	0.017148210031522355	0.017200127189552
moss_0.02_2x_1	0.016126769857405472	0.01692415078696028	0.016219817083932626	0.01640851473836083	0.017141708975955197	0.017687324015042638	0.01707385921021047	0.017004506698032315	0.018615256669127233	0.018974991430659296	0.018381578753492073	0.01845555516197665	0.020523274824583073	0.02064027434173335	0.01995476699254375	0.019918433578233696	0.022042967875397838	0.022312122658271708	0.021307448847772976	0.02145016795420667	0.02371158359708693	0.023778196104159672	0.022970408009595194	0.02286455953510351	0.0	0.0	0.0	0.0	0.015400819909338457	0.015578709446133352	0.015520521729969249	0.0156884776136525
moss_0.02_4x_1	0.015165823328388383	0.01592109195659785	0.015375227971365169	0.016069781686960133	0.0164501690492011	0.016728014094507724	0.01626327879755312	0.016765168584457497	0.01762643857707926	0.018194223123399265	0.017729224020030635	0.01806706504405109	0.019832148543131332	0.01957622178105578	0.01927713339284025	0.019573406752629606	0.021509876363607128	0.021354660590037565	0.020740718566547203	0.0210970532198197	0.022964804477758765	0.02282305313505578	0.022173742103580717	0.02250831915281585	0.0	0.0	0.0	0.0	0.014491244997596051	0.014550575345971001	0.014733393006481257	0.015479296794893082
moss_0.02_8x_1	0.01588348625720051	0.016859678327242413	0.016681108585268258	0.018449261997555307	0.017101282164180956	0.01760891568503431	0.017560105401990034	0.018976130370744894	0.018233310980633327	0.018875109774813967	0.018922409991623194	0.020372598830836253	0.020530188643550915	0.02044660528974803	0.020487820175944062	0.021859986594097755	0.0218083495901623	0.022060397157526564	0.021840180026892895	0.02337023158336832	0.023616738566384708	0.023657959781600384	0.023346526911384037	0.024688657327970737	0.0	0.0	0.0	0.0	0.0150408021745975	0.01537359576663891	0.016065949149118054	0.017689739620042874
moss_0.0_1x_1	0.0	0.0	0.0	0.0	0.0005541897577272744	0.0	0.0	0.0	0.002467371873905572	0.002218466384695818	0.0011288898281504574	0.001355613783775574	0.004317199995780295	0.003867257338297072	0.002937863902684596	0.002884631419322421	0.006610286657336825	0.005460218687396642	0.004345297001661733	0.00432674474917786	0.008324698496808162	0.007507185246735921	0.0064399713458168995	0.006340882608253538	0.01716878329731731	0.015910222248528307	0.014893326886098814	0.014968851997384562	0.0	0.0	0.0	0.0
moss_0.0_2x_1	0.0	0.0	0.0	0.0	0.0	0.0	0.0	0.0	0.0020715288277525857	0.0016156605330322972	0.0006210638698758179	0.001132588209419447	0.004405610768594992	0.003562030711713946	0.0025249560464458078	0.002784192239977956	0.006124492268079354	0.005048142567369639	0.003994079833717817	0.004320895068930895	0.008186706867697263	0.007049816031611405	0.005907402147665324	0.006215722536063696	0.017183721052435392	0.015701641278780622	0.01460126288838921	0.01496610359352471	0.0	0.0	0.0	0.0
moss_0.0_4x_1	0.0	0.0	0.0	0.0	0.0	0.0	0.0	0.0	0.0017985942965020826	0.001374000050486948	0.0004936735220806619	0.0016662314556934634	0.004007428487398971	0.0031339400241451065	0.002371552643647395	0.003331077561182513	0.005820594146871469	0.0048691793404111545	0.003966068038406871	0.005066439616520726	0.008004450400955493	0.00697403615933885	0.005985803763221976	0.007068796371169977	0.016949600094804358	0.015688104950098074	0.014824505256560058	0.015719786169229404	0.0	0.0	0.0	0.0
moss_0.0_8x_1	0.0	0.0	0.0	0.0013951778875565294	0.00040849757010083646	0.0	0.0	0.0022195591415202797	0.002081009634936302	0.0018857113110263537	0.0016617966463947221	0.00404820087318213	0.004508222555410104	0.003636609863708514	0.0035343734941056222	0.005655973914598824	0.006246773800021187	0.005245830166709598	0.005020996554761937	0.0072501556000971875	0.00836827955599501	0.007417562794257388	0.007052433798207773	0.00923989585526199	0.017532727588222795	0.016325739480727096	0.015986159665222863	0.017750657538941315	0.0	0.0	0.0	0.0
