sample	r1	r2	r3	r4	r5	r6	r7	r8	r9	r10	r11	r12	r13	r14	r15	r16	r17	r18	r19	r20	r21	r22	r23	r24	r25	r26	r27	r28	r29	r30	r31	r32	r33	r34	r35	r36	r37	r38	r39	r40	r41	r42	r43	r44	r45	r46	r47	r48	r49	r50	genome_length
moss_0.01_2x_17.hist	72506994	12105343	2211821	864011	440306	279478	270488	241623	180273	91938	44513	23554	32747	54069	67085	62917	36269	15111	2795	6879	12993	21270	71313	20866	1226	680	152	48	15	6	0	0	12521	37562	15888	992	284	154	29	0	0	0	0	0	0	0	0	0	0	39139	114265638
moss_0.001_4x_30.hist	53861792	7101900	1547029	644857	331081	205957	235531	210396	106222	95119	110953	54718	35575	58739	53951	23118	36669	48951	16777	14560	27502	41107	17812	5211	2755	8816	20982	21012	7003	3500	1036	306	23233	7408	2356	146	41	6043	14481	803	266	108	9977	3740	622	206	91	29	8	20443	103642558
moss_0.01_2x_30.hist	65348354	6681223	1260266	532681	285442	174072	110904	65943	99607	113949	97607	48136	18480	24344	30204	43706	60348	25144	3999	2176	3733	6111	29026	35133	2065	1146	257	82	375	5253	22446	6668	2666	306	96	5	0	8564	15458	857	284	115	60	21	2	0	0	0	0	21802	105537929
moss_0.001_8x_30.hist	54680921	6219282	1438201	573103	296457	186409	211558	188780	106038	121307	66420	75054	49550	42187	52342	35864	27957	37321	32770	17840	23241	25910	11227	10154	21696	15237	3439	8682	13584	6791	5234	10468	8922	1028	326	11367	3267	1781	8213	5061	1686	689	365	11383	2337	778	347	114	37	14630	102046364
moss_0.01_4x_30.hist	65846294	5823965	1227842	508049	254726	158926	175017	156340	87291	54308	63347	71582	41272	24491	30386	43970	27964	11650	19293	24401	15826	4944	4367	8491	18144	11420	7718	2484	827	412	6042	12084	8753	1008	319	18	4	10868	2172	119	2724	5610	2976	1115	184	60	26	7	1	14366	103521339
moss_0.001_4x_17.hist	65949429	13407695	3048714	1114697	635901	402360	446833	352450	138776	80531	93936	106146	146581	81029	41929	13340	17640	23549	49576	72384	46951	14671	6356	2212	4726	15124	35995	54946	18314	9156	2711	804	320	36	10	0	31588	30483	6095	337	111	44	22	7	0	0	0	0	0	47715	116723163
moss_0.001_1x_30.hist	51960398	10238498	1780454	762637	424715	265273	350408	172159	67786	46083	53753	60740	84447	139435	89764	28560	16463	6858	2976	7325	13836	22651	98883	28933	1700	943	212	67	21	9	1	0	81967	9549	3037	188	53	28	4	0	0	0	0	0	0	0	0	0	0	52873	108344139
moss_0.001_2x_17.hist	64568314	11583547	2353997	973775	487832	302817	254615	227443	305340	155722	75396	37182	29164	48153	59745	86454	65176	27155	4319	8331	15736	25762	99015	28972	1703	945	212	67	21	9	1531	3062	93612	10798	3434	213	60	31	5	0	0	0	0	0	0	0	0	0	0	56566	109285914
moss_0.0_1x_30.hist	50435216	9760407	1743454	747520	417467	261160	356196	175003	68906	62437	72831	82298	114418	101277	52407	16674	9611	5265	11083	27281	51531	70081	30367	8885	2168	6937	16510	5315	1770	884	261	76	21953	45521	14483	904	258	140	27	0	0	0	0	0	0	0	0	0	0	54616	106325274
moss_0.001_2x_30.hist	50878609	11509177	1898414	813684	453974	283840	321120	157770	80402	91979	107290	121237	88495	48919	25313	14500	23000	30703	64638	55022	35689	11151	4831	2507	5357	17142	40797	32602	10866	5432	1608	476	189	20	5	0	31308	23276	4654	257	84	33	16	5	0	0	0	0	0	38277	115467692
moss_0.0_2x_30.hist	49422599	11079201	1884424	808114	451528	282540	361326	177524	70178	80282	93646	105819	111420	61592	31871	13147	20853	27838	58605	46251	29999	9373	6298	12245	26166	49974	11283	3632	1209	15905	12833	3812	1523	174	54	2	19679	30433	6085	337	111	44	22	7	0	0	0	0	0	40922	113277225
moss_0.0_2x_17.hist	64894361	10980985	2520714	932280	533170	337783	410809	366970	212598	108424	52495	27159	37758	62344	77352	111932	80007	33335	5302	2885	3281	5371	25511	49604	56712	31505	7113	2289	762	380	111	32	6026	18078	62205	3886	1116	607	120	5	0	0	0	0	0	0	0	0	0	59747	109245150
moss_0.01_1x_17.hist	67819319	10633141	1553971	667283	374213	234644	392112	224039	88214	44988	21781	13830	19227	31746	39387	56995	90405	56569	8998	4898	3176	991	428	405	864	2765	6581	17549	43420	21709	6431	1909	762	87	26	0	0	0	0	0	0	0	0	0	0	0	0	0	0	48731	109220643
moss_0.001_1x_17.hist	62395855	7817649	1823440	669628	383921	244469	277360	247762	286636	146183	70777	34904	13400	19478	24166	34969	55468	74048	54799	29834	19351	6046	2619	765	44	23	4	0	61196	50374	14924	4433	1772	203	63	2	0	0	0	0	0	0	0	0	0	0	0	0	0	62432	100880900
moss_0.0_8x_17.hist	62677604	24967830	4748863	1800904	1012312	635559	559695	274985	178095	203740	237656	117206	49392	81553	101186	94726	54605	22751	16665	41020	77482	24212	10491	14703	31418	47524	10730	3454	4002	56033	31010	9213	3684	424	133	7	27443	44369	8872	491	162	65	33	11	0	29309	13137	4378	1458	7703	112081932
moss_0.0_4x_30.hist	52016805	7635544	1633729	683853	355782	220188	233062	208190	161036	82127	74327	83989	81548	45079	24901	28090	44556	59480	9461	17007	32123	40870	17709	5181	3533	11306	26909	19483	6493	3245	960	284	12383	22164	7051	439	125	67	12	4713	15781	6466	3431	1285	213	70	30	9	2	23324	104895954
moss_0.01_4x_17.hist	71951003	12126077	2174865	846958	468588	291566	217942	107077	89269	102123	119123	84416	32408	21267	26386	38182	60563	56625	9007	4903	5441	8906	42307	25194	1481	821	184	58	16186	28009	8298	2464	984	112	34	1	0	15525	17231	956	317	129	67	24	3	0	0	0	0	26168	113428947
moss_0.0_1x_17.hist	68785054	16613899	3877961	1418668	673052	433334	181326	161975	244665	279896	326491	314005	120554	66641	34484	10971	6323	2633	418	602	1136	1860	8834	17176	36702	117448	129621	41741	13912	6955	2059	611	243	27	7	0	0	0	0	0	0	0	0	0	0	0	0	0	0	126622	139300997
moss_0.01_1x_30.hist	64094940	8144174	1285676	551119	307595	192356	265022	130208	51268	40386	47108	53231	74007	86518	44769	14243	8210	3419	5809	14298	27007	44214	24747	7240	424	235	52	15	4	1	0	0	38106	14890	4736	295	83	44	7	0	0	0	0	0	0	0	0	0	0	33506	105195568
moss_0.001_8x_17.hist	62860195	24960740	4729846	1782110	1003849	630965	566642	278399	161771	185065	215872	154136	59176	57456	71287	103155	71019	29590	9027	22219	41969	68709	37134	10865	2884	9228	21962	58564	19520	9759	2890	857	34815	22241	7075	441	125	67	37270	11843	3946	1616	857	320	52	16	18989	21272	7089	4252	112278117
moss_0.0_8x_30.hist	53009602	6348485	1470249	585095	305237	191422	208941	186644	139071	88433	103154	56497	48842	59581	30830	33835	53668	22361	29358	33705	21861	7605	36123	12646	3438	11003	26186	8431	2809	2287	20299	6030	2411	1256	16646	1039	297	5486	11850	657	218	88	3747	12213	2034	677	302	99	32	14224	101781807
moss_0.01_8x_17.hist	69221742	20642622	2780954	1175567	630161	384391	186353	166466	251449	128238	62089	50663	70436	85169	44071	18117	28737	38362	44658	24312	15769	9470	42440	12417	3291	10530	25062	16338	5445	2721	805	238	24079	13670	4348	270	76	40	6181	13345	4447	1821	966	361	59	18	10130	8079	2692	1614	105659600
moss_0.0_4x_17.hist	65338240	13221863	3031831	1109487	633285	400809	458889	383893	151157	77089	89921	101610	141268	92470	47849	15223	18786	25078	52796	72023	46717	14598	6324	2632	5625	17999	42837	48316	16104	8051	2384	707	282	31	9	21003	34198	18652	3729	206	67	26	13	3	0	0	0	0	0	48986	116279356
moss_0.01_8x_30.hist	66535079	5274127	1203600	474631	242796	152736	147990	132196	100166	63834	74460	43785	40358	50136	25943	33898	19540	21399	23878	12999	9795	16036	14406	4214	4453	14248	5475	1762	11155	6374	1887	559	5053	11090	3527	219	62	2528	10127	561	186	75	1228	7428	1237	411	183	60	19	9472	102769854
