sample	r1	r2	r3	r4	r5	r6	r7	r8	r9	r10	r11	r12	r13	r14	r15	r16	r17	r18	r19	r20	r21	r22	r23	r24	r25	r26	r27	r28	r29	r30	r31	r32	r33	r34	r35	r36	r37	r38	r39	r40	r41	r42	r43	r44	r45	r46	r47	r48	r49	r50	genome_length
moss_0.001_1x_HiSeq2500L150R.hist	64906587	11857366	2763484	1003828	527208	337692	260020	232272	350850	253706	122837	60579	23257	15768	19564	28309	44903	59944	99556	54201	35156	10985	4759	1391	80	43	8	1	75259	70403	20859	6196	2477	284	89	4	0	0	0	0	0	0	0	0	0	0	0	0	0	83791	120570308
moss_0.0_1x_HiSeq2500L150R.hist	63691554	11721659	2726740	987769	556918	354939	338516	302391	356966	182052	88144	43469	16997	28063	34819	50384	79918	106688	50493	27490	17830	5570	2413	705	833	2666	6344	16918	100150	50074	14835	4407	1761	202	63	2	0	0	0	0	0	0	0	0	0	0	0	0	0	88401	119361854
moss_0.001_8x_25.hist	54580151	6576419	1505018	604428	310149	195553	219134	145002	170063	86731	74958	84702	32518	48952	60736	24929	32535	43432	20292	19715	37239	11636	10472	20361	20248	11248	3075	8200	18574	9286	2750	816	13614	8110	2579	160	374	16376	3274	180	59	23	9972	8142	1356	451	201	66	21	14579	98704021
moss_0.0_4x_HiSeq2500L150R.hist	58600182	12362798	2286507	961411	516394	315410	274773	245450	197649	100800	92980	105066	89072	49238	30291	43832	69525	51920	8259	7589	14334	23466	85148	24914	1464	812	182	57	31837	43784	12972	3853	1540	176	55	2	0	2716	46872	2603	866	354	187	69	10	2	0	0	0	38068	105414367
moss_0.01_1x_MiSeqv3L250R.hist	63080876	9076181	1346977	578552	324692	203671	317964	156219	61510	31390	36615	41374	57521	94976	49146	15636	9013	5485	11548	28424	53690	18253	7908	2313	135	74	15	4	0	0	23639	30046	12017	1385	439	26	6	2	0	0	0	0	0	0	0	0	0	0	0	38160	103009765
moss_0.0_1x_25.hist	51027285	9874987	1794111	767764	426452	265960	304334	149522	62062	70998	82816	93581	130105	105287	54482	17334	9991	4162	4459	10976	20732	33941	112662	32965	1938	1075	241	76	24	11	2	0	16063	48190	22933	1432	410	223	43	1	0	0	0	0	0	0	0	0	0	51463	105325200
moss_0.001_4x_25.hist	53434085	8010826	1635880	690315	368119	225122	205272	183366	188756	96265	57129	64555	89750	54357	28127	28987	45979	20973	20705	50966	35991	11246	4872	6320	13505	43216	9757	3141	1046	522	9985	19969	18099	2086	663	40	10	4	6554	16449	5482	2245	2845	1065	176	57	24	7	1	23896	102261475
moss_0.001_1x_MiSeqv3L250R.hist	53141554	10318573	1830123	781529	431500	268169	252220	123918	60351	69041	80533	91002	126519	115040	59529	18940	10917	4547	6972	17161	32415	53068	57499	16824	988	548	122	38	11	4	21799	43598	29040	3349	1064	65	17	8	0	0	0	0	0	0	0	0	0	0	0	62461	102639902
moss_0.01_4x_MiSeqv3L250R.hist	65917905	7099806	1325454	558264	296008	179187	128262	114574	166512	84920	41115	32075	44594	73631	38100	12122	18742	25019	36552	19899	12907	4032	4429	8611	18400	17812	4021	1293	430	214	9141	15648	6258	720	228	13	2	0	11728	8542	2846	1165	617	230	37	11	4	0	0	17148	96916630
moss_0.001_8x_23.hist	54906882	6787677	1549152	625397	317625	200396	230550	162910	152447	83554	97463	67578	33991	56124	58706	20962	33250	44387	28973	15773	21094	34533	17402	5091	7750	24801	13752	4427	1474	12975	15540	4616	1845	211	17129	2402	689	375	15143	840	279	113	3854	10783	1796	597	266	87	28	15520	96904622
moss_0.001_8x_novaseq_profR.hist	54632061	6417615	1474436	591103	303210	191211	200562	171314	154557	78823	90954	67482	52780	37927	47057	39708	30532	40759	29202	15898	19207	31444	21984	6431	4887	15637	21482	6917	2304	14008	4149	2929	16328	1882	4337	1220	349	16103	4150	229	75	29	7497	9241	1539	512	228	75	24	14693	99497069
moss_0.01_8x_23.hist	66568654	5489556	1244565	490174	250383	157604	148456	126423	113612	57941	59335	61353	33074	54609	28258	19590	31072	32168	6763	16647	20128	6289	7550	14680	7586	4213	5245	13988	5984	2991	885	262	11117	7896	2511	155	43	22	13602	754	250	101	345	7841	1305	434	193	63	20	9993	98705212
moss_0.0_4x_novaseq_profR.hist	52077364	7938615	1687702	705200	364831	226071	236745	211480	168788	86080	64825	73251	92585	51180	26483	22352	35454	47329	48524	26417	17134	5353	19304	37535	17418	9676	2183	702	17620	23731	7030	2088	834	95	15929	11266	3238	1765	352	18	6283	11357	6027	2259	375	124	54	17	4	22794	102677535
moss_0.01_2x_novaseq_profR.hist	65349338	6920370	1292751	545905	291707	177552	99924	89259	134827	118148	57203	28210	29126	48091	59668	36157	20842	8683	5546	13651	25784	33621	14568	4261	249	755	1798	4793	22092	11045	3271	971	387	43	12	0	8182	18375	3674	203	66	26	12	3	0	0	0	0	0	23661	104498741
moss_0.01_2x_MiSeqv3L250R.hist	65156146	7837140	1337285	568042	308885	190184	148795	73104	71885	82235	95924	99281	38116	21069	12752	18452	29268	39072	35182	19153	12423	3881	2145	4171	8913	28521	15162	4881	1626	812	239	70	27	2	6979	22963	6600	3599	718	38	11	3	1	0	0	0	0	0	0	27090	99071560
moss_0.0_2x_25.hist	50558065	11209587	1969745	841026	464181	288418	243357	119564	107967	123514	144074	148512	57017	31518	16308	21146	33541	44775	78491	42733	27718	8660	3752	2770	5918	18939	45075	35583	11860	5929	1755	520	207	22	6	5215	32586	17773	3553	196	64	25	12	3	0	0	0	0	0	41567	111370033
moss_0.0_4x_25.hist	51904846	8176848	1695796	713324	376738	230915	208387	186149	210330	107267	51935	58686	81590	69221	35819	19984	31698	42315	46854	25508	16545	5169	24461	47562	9355	5196	1172	376	29238	19593	5804	1723	688	78	18892	10041	2885	1573	313	16	8934	9035	4795	1797	298	98	43	13	3	23964	101909050
moss_0.0_2x_novaseq_profR.hist	49708834	11500112	1959893	838803	466052	290706	279888	137512	90779	103850	121138	136885	81549	45079	23326	15957	25310	33787	71130	49244	31941	9980	4323	3033	6482	20742	49364	26422	8806	4402	1303	386	153	16	4	24773	22796	12433	2485	137	44	17	8	2	0	0	0	0	0	44065	112010112
moss_0.01_4x_HiSeq2500L150R.hist	68537387	10709145	1709030	721772	385840	234916	124915	108969	164598	125534	60780	29974	38166	63018	65144	20726	13241	17675	37210	32098	20819	6505	2817	4938	10551	33764	8274	2663	886	442	6105	12210	10185	1173	372	22	5	1	26170	1452	483	197	103	37	5	0	0	0	0	22807	106799108
moss_0.0_1x_20.hist	56796132	6944172	1625714	604765	341734	217383	283693	253419	250324	127664	61811	30482	13851	22869	28373	41057	65125	86939	40144	21855	14175	7352	34925	10218	600	332	74	22	641	8975	69994	20796	8317	958	303	17	4	1	0	0	0	0	0	0	0	0	0	0	0	58227	97827257
moss_0.01_8x_20.hist	66655529	6329031	1338994	546980	268989	170023	206157	101287	114202	74344	51509	58205	54868	30330	28957	41902	27488	11452	11523	28364	19185	5994	4406	8567	18192	10105	2280	733	11807	5902	1747	518	10473	6562	2087	129	668	10763	2151	118	38	1469	7339	2751	457	151	66	21	6	11638	96221149
moss_0.001_2x_25.hist	51960743	11128986	1903201	812736	448784	278928	233891	114913	102431	117181	136687	147067	56462	31211	16149	16306	25864	34527	72687	54944	35638	11135	4824	1410	2963	9481	22565	48503	16166	8082	2393	710	283	31	9	2349	31448	17152	3429	189	62	24	11	3	0	0	0	0	0	40147	111227349
moss_0.01_2x_HiSeq2500L150R.hist	68781173	9718139	1661519	694413	359535	220353	168300	150340	199816	101905	49339	24331	23244	38379	47617	68904	51259	21357	3396	1848	2812	4603	21866	42517	16232	9016	2035	654	217	107	30	8	5563	16689	28122	1756	504	273	53	1	0	0	0	0	0	0	0	0	0	33083	105569465
moss_0.001_4x_20.hist	55022872	12057544	2057432	876296	480223	297115	222577	112785	170363	194895	102503	50551	37270	61538	76352	55718	32119	13381	11494	28294	53443	46709	20239	5921	3364	10764	25617	28670	9555	4776	1414	419	10553	25195	8015	499	142	76	14	20585	6860	2810	1491	558	92	29	12	3	0	31314	105552734
moss_0.0_1x_novaseq_profR.hist	53530292	7813175	1802648	677406	387650	245670	331960	296535	129618	66104	46216	52224	72606	119883	77519	24664	14217	5922	6030	14844	28038	45901	74971	21936	1289	715	160	50	15	6	1	0	77811	8975	2854	177	50	26	4	0	0	0	0	0	0	0	0	0	0	53697	102695053
moss_0.001_2x_23.hist	52516930	11277641	1921504	821477	455041	283336	257439	126482	84002	96098	112094	126666	96063	53102	27478	11707	18570	24789	52187	65413	42429	13258	5744	1711	3656	11700	27847	37900	12632	6315	1870	554	220	24	6	20082	22779	12424	2483	136	44	17	8	2	0	0	0	0	0	41844	109309889
moss_0.001_8x_MiSeqv3L250R.hist	54621440	6985983	1566364	644814	321814	203708	286809	140912	138875	114137	67156	75886	61376	33928	36550	52889	42185	17576	28860	33678	21844	6825	32419	11865	7406	23700	7630	2456	17435	8716	2581	766	23072	2660	845	51	13	18119	3758	207	68	26	8240	8334	1388	461	205	67	21	16434	87848934
moss_0.001_1x_23.hist	52409662	9529475	1669796	716992	402065	252092	419798	206252	81210	41416	37894	42819	59531	98294	121957	41779	24083	10033	2326	5725	10814	17704	84094	43142	2536	1408	317	101	32	15	3	0	45985	28501	9067	565	161	87	16	0	0	0	0	0	0	0	0	0	0	52203	102796606
moss_0.01_2x_25.hist	65156597	7532125	1334064	565344	305310	187154	135780	66709	81961	93763	109371	66908	25686	21997	27291	39491	60243	25100	3992	2889	5456	8932	42429	12414	729	795	1891	5042	19926	9962	2950	875	349	39	11	1914	18534	10108	2020	111	36	13	6	1	0	0	0	0	0	23567	105412470
moss_0.01_2x_23.hist	65510921	7559502	1331778	564480	304987	187019	134304	65984	87354	99932	116567	57487	22070	18671	23165	33520	53170	52278	8316	4526	2935	2947	13999	27220	4765	2646	5729	15278	12682	6340	1877	556	221	24	6	0	11559	18078	3614	199	65	25	12	3	0	0	0	0	0	23982	103816284
moss_0.001_4x_MiSeqv3L250R.hist	53468814	9781001	1803282	766471	417556	257393	187533	107135	161828	185130	89635	44205	35275	58244	72265	50412	29060	12107	13589	33450	63183	25499	11048	3232	4558	14585	34712	11177	3724	1861	10099	20197	15478	1784	566	34	8	3	15219	14859	4952	2028	1075	402	66	21	8	1	0	28272	96137725
moss_0.001_4x_23.hist	53687227	8849495	1731329	732359	393365	240264	214685	191775	193240	98551	59209	66905	90285	49909	25825	28130	44619	59565	12552	17875	33763	36665	15887	4647	3702	11848	28198	23764	7920	3959	1172	347	5405	16216	18612	1162	333	180	35	0	11686	9602	5096	1910	317	104	45	14	3	23664	102178156
moss_0.0_8x_MiSeqv3L250R.hist	53138921	7260323	1621077	669883	334417	211819	298439	146626	125311	143354	69984	79081	53330	37613	46668	52595	30318	19441	40928	36375	23593	7372	16465	32014	16981	9433	2660	7093	22904	11451	3391	1006	5762	17285	8945	558	159	85	8210	8124	2707	1108	3212	9361	1559	518	231	76	24	17152	87409781
moss_0.001_8x_20.hist	55314845	8056401	1716806	710732	356916	224333	280821	137970	185380	94543	76448	86385	40965	55372	32666	47268	48826	20343	17794	43801	30508	9533	10912	21218	27700	15388	3473	1117	2263	31681	12329	3662	1464	167	52	2	0	0	0	0	0	0	0	0	0	0	0	0	0	0	65386683
moss_0.01_1x_HiSeq2500L150R.hist	67241921	9905435	1479801	635075	355583	222766	354982	174407	68671	35021	25029	28281	39319	64921	80550	80669	46502	19374	3081	1676	1086	338	415	807	1723	5515	13125	34999	33456	16727	4955	1471	587	66	20	0	0	0	0	0	0	0	0	0	0	0	0	0	0	48544	108038990
moss_0.001_2x_MiSeqv3L250R.hist	52979035	10720851	1871011	798899	440957	273993	240486	118153	94810	108461	126516	142962	64348	35570	18405	14411	22859	30515	64241	58380	37867	11832	5126	2114	4517	14455	34403	33808	11268	5633	1668	494	196	21	5	12096	26244	14314	2861	157	51	20	9	2	0	0	0	0	0	41585	100324892
moss_0.01_8x_MiSeqv3L250R.hist	66399372	5718624	1257313	508664	252196	159488	206702	101555	90636	99449	48150	43752	60828	33624	29296	37333	21520	13123	27628	15706	10186	5315	25248	7387	1413	4523	10765	12567	4188	2093	619	182	17711	2042	648	39	3676	8818	1762	96	31	2001	6657	2495	414	137	60	19	5	12017	92927082
moss_0.0_2x_MiSeqv3L250R.hist	52880987	9081403	1796089	760601	409884	250905	256874	223596	88040	98119	114452	129330	63752	35241	18448	26695	42342	56525	53268	29000	18810	5877	3597	6993	14944	47820	34137	10992	3663	1830	541	159	62	6	0	41602	11959	6522	1303	71	22	8	3	0	0	0	0	0	0	42780	96092631
moss_0.01_4x_20.hist	67644013	7896903	1414747	596846	318016	193179	123674	110475	166874	85105	41204	35893	49901	70389	36423	14431	22891	30557	31414	17102	11092	3465	16195	23913	1405	880	2095	5586	19104	9551	2829	839	334	37	14967	1166	334	181	35	14071	4689	1920	1018	380	62	19	7	1	0	17401	101027329
moss_0.01_2x_20.hist	66717791	8352189	1418482	602015	326542	200739	159513	78370	66439	76005	88657	100181	38461	21260	16418	23758	37684	50306	23615	12856	8338	2604	5408	10515	22468	28575	6451	2076	691	344	101	29	10	0	11007	22891	6580	3588	716	38	11	3	1	0	0	0	0	0	0	26291	103187813
moss_0.0_4x_23.hist	52085150	9139134	1803149	762654	409493	250063	225315	201270	178169	90865	89589	101234	65607	36266	34181	49461	52134	21721	13152	32374	61150	19108	8279	3759	8033	25705	32472	10456	3484	1741	514	900	39970	4610	1465	90	25	12	1579	21716	7237	2965	1573	588	97	31	13	3	0	28166	102314922
moss_0.01_4x_25.hist	65933079	6001300	1250086	518554	262109	162504	165038	147425	112407	57326	53019	59910	56850	31425	28457	41178	34324	14301	6336	15595	29457	9204	5050	9819	13986	7769	1753	563	15822	8526	2525	749	298	33	13316	7873	2262	1233	245	12	3	7463	3960	1484	246	81	35	10	2	13987	101747817
moss_0.0_1x_23.hist	51265452	10291695	1827459	782505	435381	271790	327213	160764	63299	71974	83955	94868	131894	84468	43709	13906	8015	7527	15845	39003	73673	52349	22683	6636	389	215	47	14	3	0	32758	56079	22430	2586	822	50	13	6	0	0	0	0	0	0	0	0	0	0	0	59622	105179898
moss_0.001_2x_20.hist	56232626	10601908	1999417	843597	449675	273531	196733	175738	265455	152301	73740	36365	30342	50099	62159	89947	51851	21603	4379	10780	20361	33334	53053	15523	2593	8297	19746	31015	10337	5167	1530	453	180	19	5	41706	11989	6538	1306	71	22	8	3	0	0	0	0	0	0	45172	105586092
moss_0.001_1x_novaseq_profR.hist	51828935	10077157	1762847	754158	418564	260918	270091	132698	64262	73515	85752	96899	134719	74471	38536	12260	7066	7257	15277	37606	71033	60363	26156	7652	449	248	55	16	4	1	10892	21784	57804	6667	2120	131	36	19	2	0	0	0	0	0	0	0	0	0	0	56377	106166772
moss_0.01_8x_25.hist	66434934	5356209	1217860	479888	245541	154613	146124	130529	101628	63531	74107	40944	39594	57993	30008	16830	26696	35637	7869	10607	20035	15833	6860	6689	11132	6183	8100	8424	2807	1402	10726	4844	1936	222	10371	2435	699	380	7314	3175	1057	432	228	7373	1227	408	182	59	18	9949	100126313
moss_0.0_4x_20.hist	51163693	15374887	2429135	1037718	573572	356691	273400	134324	141516	161894	188844	93132	35755	39211	48649	70398	63734	26555	9380	23088	43610	44896	19454	5691	11769	37660	35029	11279	3758	1878	5869	11737	31185	3596	1143	70	19	9	42418	4758	1585	648	343	127	20	5	1	0	0	37531	111559193
moss_0.01_1x_novaseq_profR.hist	63447549	8293229	1279212	549570	308635	193670	318110	156291	61538	31383	33367	37704	52419	86551	66713	21226	12235	5097	3689	9079	17149	28075	46208	13520	794	440	98	30	9	3	0	0	25709	19833	6309	393	112	60	11	0	0	0	0	0	0	0	0	0	0	36005	104139713
moss_0.001_8x_HiSeq2500L150R.hist	56344939	22445192	4268226	1620036	911317	572385	483769	237682	198700	227312	161770	79780	60891	100541	124744	39690	24977	33343	70195	38216	24788	7745	23664	46013	36011	20005	4516	1453	48785	29108	8623	2561	1023	117	39413	20444	5876	3204	639	34	10	17003	21330	7997	1331	442	197	64	20	16363	100661488
moss_0.001_1x_20.hist	60579772	10795217	2512482	907438	488380	313571	216866	193723	292621	303290	146845	72419	27803	15368	7951	11396	18076	24131	50801	115078	74644	23325	10106	2956	172	95	20	5	0	0	56654	51392	20556	2370	753	46	12	5	0	0	0	0	0	0	0	0	0	0	0	72376	115819524
moss_0.01_8x_novaseq_profR.hist	66535582	5329101	1213731	477270	244763	154133	152459	134099	76717	87764	65590	37269	51815	44220	25417	36779	23504	13854	25787	14038	9105	13327	15784	4617	5239	16766	3784	1217	8657	9782	2897	859	8531	983	311	9796	2815	1534	305	4859	2142	877	464	5406	2460	819	366	121	39	9222	100801530
moss_0.0_8x_25.hist	52995247	6717223	1540288	620191	317916	200407	205934	183957	144179	85495	99727	84871	32583	47207	58571	30200	31210	41663	32704	17805	17396	28480	31971	9354	3019	9662	22996	14562	4853	2425	8071	16142	6456	743	4037	10765	3094	1686	5040	7538	2511	1028	544	9953	3537	1178	527	174	57	14665	98473626
moss_0.0_2x_HiSeq2500L150R.hist	60678452	10150969	2338112	861525	493787	313179	368397	329084	186525	95127	46057	43701	60757	100320	124470	45597	26284	10950	2388	5878	11102	18174	86328	80070	4709	2615	589	188	61	29	7	1	13797	41392	38602	2411	692	376	74	3	0	0	0	0	0	0	0	0	0	55334	105530427
moss_0.01_4x_novaseq_profR.hist	65736446	6023694	1260806	520742	259523	162318	177290	158370	83205	56165	65513	74029	40585	24367	30232	43746	38636	16097	4757	11710	22119	21937	9505	2780	1995	6383	15192	9344	3113	10094	2989	887	353	39	13991	5350	1537	837	166	8	2161	8355	4433	1661	275	90	39	12	3	12319	102176896
moss_0.0_8x_HiSeq2500L150R.hist	55796327	22716937	4424439	1676364	944632	593859	513656	252365	190953	218450	209400	103270	52285	86330	107113	83034	47865	19943	18473	45471	73639	23011	9970	8198	17517	56054	21411	6894	33617	21963	6506	1932	7981	23944	43978	2747	788	429	84	3	29223	13761	7303	2737	455	150	66	21	6	39643	100697270
moss_0.001_2x_HiSeq2500L150R.hist	58843032	12710805	2281279	964882	519205	317512	200231	101152	152791	174792	197513	97408	37396	20671	23111	33442	53045	70813	53091	28904	18747	5857	4924	9575	20460	65471	14782	4759	1585	791	233	68	3976	11928	63531	3969	1140	620	123	5	0	0	0	0	0	0	0	0	0	54026	109182477
moss_0.0_8x_novaseq_profR.hist	53155860	6526832	1504830	602354	311148	196051	206762	184697	148565	81410	94961	82860	33017	54515	47918	29896	47421	22716	21492	42575	27615	8628	16849	32761	2523	8073	19214	12238	4078	6386	16958	5038	2014	231	17171	4117	1182	644	12991	1889	628	256	4090	10699	1782	593	264	87	28	15802	99295850
moss_0.01_1x_23.hist	67936911	7386020	1669339	608676	346085	219816	220752	197194	132425	67535	32889	37164	51668	85312	56292	17910	10323	4300	6363	15662	29582	48430	21851	6393	375	207	45	13	3	0	8518	17036	31798	3667	1165	71	19	9	0	0	0	0	0	0	0	0	0	0	0	38213	106467626
moss_0.01_8x_HiSeq2500L150R.hist	63437981	20348638	2657266	1124744	605227	370125	187422	167421	216657	110494	57238	64678	89921	49707	25721	33108	52515	48788	7760	14693	27753	38233	16566	4846	4287	13717	32647	10512	3503	1750	2709	5418	24080	2776	882	54	7401	8189	1636	89	7198	7560	4012	1503	249	82	35	10	2	24099	97385724
moss_0.001_2x_novaseq_profR.hist	51190058	11467997	1899456	813548	453012	282923	289272	142122	92671	106015	123663	125432	48156	26619	27473	39755	63059	84181	13391	7289	4727	6047	28725	55853	26558	14753	3330	1071	356	177	38738	11509	4602	529	167	9	1	17319	23267	1291	429	175	91	33	4	0	0	0	0	37834	112406021
moss_0.0_4x_MiSeqv3L250R.hist	51759256	10171688	1883237	800335	435823	268585	188263	115801	174919	189710	91852	45298	42752	70591	87584	30258	17441	12264	25818	63551	45390	14183	6145	4746	10141	32451	31028	9991	3329	1663	6579	13158	24401	2813	894	54	14	7	14196	16523	5506	2255	1196	447	73	23	9	2	0	30374	96025518
moss_0.01_1x_25.hist	65512062	10208509	1753930	679961	387752	245293	280809	250842	99049	50514	28806	32550	45254	74721	92708	29497	17003	7083	5334	13129	24799	40599	29721	8695	510	282	62	19	5	1	10606	21211	34314	3957	1258	77	21	10	1	0	0	0	0	0	0	0	0	0	0	39202	112795441
moss_0.0_8x_20.hist	53946141	8251915	1769411	731923	366590	230995	248260	178903	168299	85831	93928	103387	39692	42095	52228	45091	25992	25161	52970	29062	18850	5889	22533	43813	12362	6867	1549	2093	32726	16362	4847	1439	574	65	19	0	0	0	0	0	0	0	0	0	0	0	0	0	0	0	64914982
moss_0.001_4x_novaseq_profR.hist	53807740	7647127	1627283	679904	351684	217104	214064	191220	167670	85510	65799	74352	81396	44995	23282	29987	47565	63497	10100	13596	25680	30687	13296	5646	12065	38608	8716	2806	934	466	19492	18147	7258	836	265	15	3	18451	3689	203	2190	8969	4759	1783	296	97	42	13	3	22391	102436546
moss_0.0_2x_20.hist	54680453	11422388	2113910	895057	482143	295063	174676	116868	176530	201949	151828	74877	28746	25947	32193	46584	73891	86802	13808	7516	4874	2688	12768	24826	53049	60457	13650	4395	1464	731	215	63	24	1	12609	41919	12050	6572	1313	71	22	8	3	0	0	0	0	0	0	47649	107212975
moss_0.01_4x_23.hist	66129847	6538077	1303829	544081	280317	171614	148615	132755	145000	73949	35803	39097	54356	62453	32316	13571	21526	28736	31389	17088	11083	3462	8037	15628	16799	9331	2106	677	1015	14213	10964	3257	1301	149	428	12057	3465	1889	376	19	4938	5899	3130	1172	194	63	27	8	1	14678	101153082
moss_0.01_1x_20.hist	69833019	7906619	1812277	650373	361665	231596	163812	146330	221033	179515	86916	42864	16455	9095	8168	11819	18746	25025	52684	56613	36721	11474	4971	1453	84	45	9	2	0	0	16895	33789	13514	1558	494	29	7	3	0	0	0	0	0	0	0	0	0	0	0	44739	108230130
moss_0.0_1x_MiSeqv3L250R.hist	56020690	9895964	2229936	848909	475485	297934	228729	112377	169746	194189	156073	76971	29550	16334	20265	29324	46514	62094	90708	49384	32032	10009	4336	1267	73	39	8	1	6880	96330	34188	10157	4062	467	147	8	1	0	0	0	0	0	0	0	0	0	0	0	0	73979	107063655
moss_0.0_2x_23.hist	51483340	10754532	1947899	829923	455247	281823	231103	113543	121657	139175	162342	98473	37805	21188	26288	38039	60338	80548	29397	16004	10380	3242	10546	20506	43819	45886	10360	3335	1110	554	23270	6913	2764	317	100	7434	26117	14245	2848	157	51	20	9	2	0	0	0	0	0	44501	107685371
moss_0.0_8x_23.hist	53479262	6906763	1581638	635536	326167	205808	254708	145846	146984	136067	65879	65869	71886	39738	33151	47971	48255	20105	17866	43976	28524	8912	15020	29206	13054	7251	17257	9141	3046	10363	17939	5329	2130	244	7894	14558	4184	2281	455	3843	1280	6230	7139	6290	1047	348	155	50	15	16308	96599831
moss_0.001_1x_25.hist	52043206	9957709	1819023	771576	417820	256581	150967	101248	152936	174958	183583	90538	34759	19213	9941	13188	20918	27924	58786	86406	56046	17513	7588	2219	129	70	15	3	0	0	62970	35064	14024	1616	513	31	7	3	0	0	0	0	0	0	0	0	0	0	0	54547	105647242
moss_0.001_4x_HiSeq2500L150R.hist	57867756	14812949	2452219	1041985	567109	349375	228722	135202	204225	233632	113118	55786	34338	56697	70345	77137	44466	18526	7038	17324	32723	53571	57348	16779	986	546	122	38	55860	29685	8794	2612	1043	119	36	1	0	31429	25384	1409	468	191	100	36	5	0	0	0	0	39994	111066999
moss_0.01_4x_17.hist	71624847	12677946	2191465	858861	475231	295724	220511	108339	90046	103011	120159	92149	35377	19555	22915	33158	52595	70212	16465	8963	5813	2483	11797	22937	31509	17504	3951	1271	422	5666	17702	5259	2102	241	75	3	0	29498	5898	326	107	43	21	7	0	0	0	0	0	29496	114448408
moss_0.01_2x_30.hist	64847914	7142567	1281339	543547	294409	180821	136961	67290	82732	94645	110399	57637	22127	23874	29620	42862	49494	20621	3279	8072	15246	24959	26325	7702	452	250	55	16	20440	16846	4990	1481	591	67	20	0	0	15223	13992	776	257	104	54	19	2	0	0	0	0	20491	106335413
moss_0.0_1x_30.hist	51590716	9393179	1781681	757318	412619	254371	184959	92777	140141	160320	164963	81355	31233	21336	26472	38305	60759	81112	15226	8289	5375	5739	27263	53012	35795	19885	4489	1444	480	239	69	19	7586	22759	42972	2684	770	419	82	3	0	0	0	0	0	0	0	0	0	51472	106769049
moss_0.01_4x_30.hist	66028461	5806786	1237126	510758	254215	159138	178496	159448	76320	61629	71887	71933	27616	35724	44324	33208	19142	15729	29688	16162	10483	3274	11196	21770	7166	3980	930	2479	17330	8664	2566	761	303	34	13434	5704	1639	893	177	8	2177	7579	4022	1507	250	82	35	10	2	13657	103765075
moss_0.0_4x_30.hist	52036766	7616823	1630837	681539	352770	218639	228985	204548	157521	80335	93707	94368	36229	41243	51171	35977	56270	23444	9250	22769	43008	38366	16624	4863	3263	10441	24849	8001	14834	16358	4845	1438	574	65	26386	3495	1004	546	108	5	15905	6517	3458	1296	215	70	30	9	2	23839	104584237
moss_0.0_4x_17.hist	65342611	13848865	3173906	1157644	658509	417416	444195	396793	206863	105499	62004	70064	97409	149106	77157	24549	14150	9931	20907	51462	90846	28388	12300	3598	2175	6960	16564	44171	40898	20448	6057	1798	718	81	25	0	0	57323	11463	635	210	85	44	15	1	0	0	0	0	49615	118322043
moss_0.001_2x_30.hist	51123788	10679424	1816428	777724	432642	270051	285278	140160	76003	86946	101419	114603	103381	57148	29571	10622	16847	22490	47347	67197	43586	13619	5900	1725	3005	9615	22884	45083	15026	7512	2224	660	263	29	8	0	20911	26538	5306	293	96	38	19	6	0	0	0	0	0	37408	112675782
moss_0.001_2x_17.hist	66373214	11383156	2614961	957890	547645	347610	380024	339470	269954	137676	66658	32873	25913	42785	53084	76815	118791	49495	7873	4285	2778	4397	20886	40610	50246	27913	6302	2028	675	336	98	28	18978	56934	18114	1131	324	175	34	0	0	0	0	0	0	0	0	0	0	60323	111616376
moss_0.01_8x_30.hist	66316129	5281599	1202431	474894	242795	152765	140773	125750	107590	58660	68425	56032	32935	53862	27871	22276	35334	26703	6183	11480	21684	16454	7129	3669	7840	17484	3947	1270	5541	8333	2468	732	12912	1725	547	33	6006	6961	1391	1185	2794	1144	606	6984	1163	386	172	56	17	9576	102667023
moss_0.001_4x_17.hist	66402961	13032055	2977072	1089062	620889	392726	450196	355164	139844	76339	89046	100621	139893	86041	44523	14165	18993	25354	53377	63255	41029	12820	5554	3505	7490	23969	57046	34655	11550	5774	1709	507	201	22	6	10445	37802	20618	4122	228	75	29	14	4	0	0	0	0	0	46101	116350411
moss_0.01_2x_17.hist	71705481	12607211	2290005	868985	491919	310007	363688	272443	107273	54708	26487	27960	38872	64184	79634	76162	43904	18292	2909	1582	2298	3762	17872	34750	36220	20121	4542	1461	486	242	70	20	7	0	40067	9758	2804	1528	304	15	4	0	0	0	0	0	0	0	0	39074	114842128
moss_0.0_8x_17.hist	62922704	24892659	4697330	1784513	1003840	630484	569451	279778	172877	197771	230693	133470	51242	78450	97335	90024	51895	21622	24800	61047	53752	16796	7277	12073	25798	78774	17786	5726	1907	952	17731	35462	44153	5092	1619	100	27	14	35909	20567	6854	2808	1489	557	91	29	1651	29279	9758	5854	111570915
moss_0.001_1x_17.hist	68197215	14227163	3315202	1203316	600289	385602	239130	213611	322662	268499	130000	64112	65321	107855	133820	42578	24544	10225	1625	884	965	1579	7500	14583	31161	99716	102881	33130	11042	5520	1634	484	192	21	5	0	0	0	0	0	0	0	0	0	0	0	0	0	0	108824	129639314
moss_0.0_2x_30.hist	49540316	11387996	1918653	822483	459079	287099	335841	165003	78769	90110	105110	118774	100834	55740	28842	12794	20293	27090	57032	59500	38594	12059	5224	2658	5679	18174	43255	28647	9548	11078	3281	973	388	43	12	0	34646	19767	3952	218	71	28	14	4	0	0	0	0	0	42054	114520976
moss_0.0_8x_30.hist	53039092	6423935	1485483	592837	306527	193165	203527	181807	146982	88920	102499	50549	66525	36774	39370	53587	30890	20954	44114	24016	16506	27022	17245	20752	11226	6337	15081	17981	5992	2995	7053	14105	5641	649	5548	11255	3234	1763	6845	379	125	7537	8073	3026	503	166	4530	1509	502	11335	102109781
moss_0.01_1x_30.hist	64559718	8639914	1412568	582493	326542	204708	271365	133324	52495	39005	45497	51411	71476	102066	52815	16803	9685	4034	2340	5760	10880	17812	73674	21557	1267	702	157	49	15	6	1	0	2743	8229	37065	2315	664	361	71	2	0	0	0	0	0	0	0	0	0	33167	107492157
moss_0.001_1x_30.hist	53051960	9902139	1811612	770587	420702	259689	188836	92777	122325	139939	163235	136656	52465	29001	15006	8831	14007	18698	39363	96893	69933	21853	9468	2769	161	88	19	5	0	0	20858	41716	43096	4970	1580	97	27	13	1	0	0	0	0	0	0	0	0	0	0	57441	109046627
moss_0.001_8x_17.hist	63199486	24658602	4575934	1739324	976075	612255	504961	248094	191569	219154	204907	101054	52923	87384	108420	71506	41220	17174	24257	59710	59954	18734	8117	15782	33725	36359	14693	39182	13059	6528	1933	573	38490	32996	10497	655	187	101	19	13480	26111	10700	5678	2128	353	116	51	16	4	40082	110982384
moss_0.0_1x_17.hist	66354059	24056278	5622136	2069915	938065	597828	185301	165526	250029	286032	333648	377021	199300	110172	57009	18138	10455	4355	691	895	1691	2767	13146	25560	54618	174779	122398	39415	13137	6567	1944	576	229	25	7	0	0	0	0	0	0	0	0	0	0	0	0	0	0	171390	164048387
moss_0.001_8x_30.hist	54403726	6277810	1448782	577663	299393	188153	195795	174901	147652	83355	97230	48457	67369	41125	35566	50174	28922	28669	40050	21804	14142	23152	24846	7269	10450	25959	5860	1886	6123	20347	6027	1790	2395	7186	13028	813	232	2076	14606	810	269	4153	2203	4379	5536	1844	825	274	90	13036	102035396
moss_0.001_4x_30.hist	53745563	7326494	1579291	658981	339439	210860	232207	207427	144606	73748	86024	97206	44893	28886	35839	51860	52978	22073	10650	26215	49517	15473	6704	9559	20426	19809	4472	1696	22609	11303	3348	993	8011	6376	2027	14740	4236	2309	460	24	10355	7025	3727	1396	231	76	33	10	2	21453	104247092
moss_0.01_1x_17.hist	76861068	20797791	4799064	1685250	795106	511386	128290	114599	173103	198029	230994	261022	108976	60241	31172	9917	5716	2380	596	1466	2769	4532	21527	41858	89446	99024	22359	7199	2398	1198	354	104	40	3	0	0	0	0	0	0	0	0	0	0	0	0	0	0	0	92964	152614036
moss_0.0_2x_17.hist	65968670	12723889	2944722	1067719	602739	383514	371687	332023	318010	162184	78524	38725	36438	60164	74647	108018	62268	25944	4126	5667	10703	17522	83231	83334	4901	2721	613	196	64	31	8	1	70185	38812	12348	770	220	119	22	0	0	0	0	0	0	0	0	0	0	67007	116527151
moss_0.01_8x_17.hist	68864633	21046122	2845741	1201303	641360	390130	179786	160599	242587	140018	67792	44889	62408	92822	48031	15281	21141	28221	59413	34169	22162	6924	8211	15966	34116	23192	5236	1685	560	3694	31349	9313	3724	428	135	7	12772	14334	2865	158	51	20	10933	6472	1077	358	159	52	16	18240	106259555
moss_0.06_1x_25.hist	97531048	1259086	282803	107171	48098	30567	16528	14763	22299	15930	7712	3802	1458	2058	2553	3693	5857	7818	1242	675	437	135	465	903	1930	5624	1268	407	134	66	18	4	1007	3021	3785	235	66	35	6	0	0	0	0	0	0	0	0	0	0	2804	102694738
moss_0.06_2x_20.hist	98077165	1511012	329630	117010	63843	40269	35791	24917	9810	5002	4392	4962	6897	9857	5099	1621	933	407	857	2110	3985	6182	2678	782	45	24	4	0	3001	4428	1311	388	154	16	4	0	1420	1843	367	19	5	1	0	0	0	0	0	786	1055	632	103764868
moss_0.06_2x_23.hist	97174633	1388515	308909	109839	60121	37856	36856	19574	7706	6455	7529	8507	6105	3374	1943	2811	4458	5951	945	513	332	333	1581	3075	4714	2618	590	189	62	30	7	1	5570	641	203	11	2	0	74	1579	525	214	112	41	5	0	0	0	0	1638	103060485
moss_0.06_4x_23.hist	97000984	1546821	297386	111158	58928	35667	19862	17741	18232	9297	4761	5022	6981	4757	2460	2404	3813	5090	1358	738	477	622	2958	5750	337	186	41	12	2431	3807	1127	333	132	14	3	0	2093	1592	317	16	4	0	0	0	856	681	304	100	32	18	103223870
moss_0.06_2x_30.hist	96677216	1338153	267077	106497	48051	30585	23520	21009	18632	9501	4599	3023	4202	6938	7299	2321	1337	556	872	2147	4055	5010	2170	634	36	19	3	0	5275	2636	780	230	91	9	2	0	0	1916	2289	126	41	15	7	1	0	0	0	0	0	1732	102821537
moss_0.06_2x_25.hist	96928825	1360130	280330	105871	51484	32489	32766	16097	8553	9783	11411	5626	2591	4278	5307	2843	1637	698	1469	3616	5871	1833	793	231	153	490	1165	3106	2301	1149	339	99	2417	915	290	17	3	1	0	1453	1003	410	216	80	12	3	0	0	0	1038	102869625
moss_0.06_4x_20.hist	97780568	1750271	318898	117897	63729	39090	20217	9932	11279	12902	11388	5615	2163	3572	4430	6304	3633	1512	355	872	1647	2696	4723	1381	108	344	819	2183	3141	1569	464	136	53	5	665	2282	655	356	70	2	0	0	209	1456	241	79	34	10	2	752	103558967
moss_0.06_8x_25.hist	96815968	1459336	292367	109235	55976	34370	25809	21168	8333	8773	10233	5385	3812	6294	3256	2231	3538	2513	2191	1192	1829	2994	1605	926	1978	2806	632	202	1032	2728	807	238	94	9	2631	491	140	75	112	1109	368	150	78	258	528	175	77	24	7	717	103202031
moss_0.06_1x_30.hist	96449781	1175914	213220	89590	47161	28398	22043	10829	4262	4061	4736	5351	7439	10970	5675	1804	1039	432	823	2024	3823	4214	1825	533	53	170	405	1081	4515	2256	667	197	77	7	1	0	0	3701	739	40	12	4	1	0	0	0	0	0	0	1874	101353671
moss_0.06_4x_30.hist	96769189	1576208	278397	109575	51471	32524	31013	15236	9946	11377	9496	4682	3183	5256	6125	1948	1443	1925	4052	2555	1656	516	1294	2515	2928	1626	366	116	125	1751	3509	1041	415	46	13	0	0	2324	1240	67	21	7	3	0	216	823	368	121	39	159	103693011
moss_0.06_4x_25.hist	96836016	1485412	286922	109967	52547	33150	30200	14837	9807	11218	10268	5063	2883	4759	5904	1968	1656	2209	4651	2531	1641	511	929	1805	3707	2058	463	148	1015	1186	908	1815	1655	189	59	2	0	0	3122	172	56	22	10	3	0	444	738	245	80	47	103220061
moss_0.06_1x_23.hist	97705492	1544784	346125	120919	63634	40630	22133	19770	29569	15079	7300	3599	1380	895	1109	1604	2544	3395	7148	5612	3639	1136	491	142	30	95	227	72	23	10	2984	5967	3238	372	117	6	0	0	0	0	0	0	0	0	0	0	0	0	0	3162	103700135
moss_0.06_8x_23.hist	96694383	1476785	291621	109669	55289	34169	28494	15935	10850	12412	6008	4907	6822	4843	2505	3532	3996	1664	1207	2971	1969	809	3845	1124	596	1906	2492	801	266	1094	2354	698	278	31	856	1273	365	198	38	275	1058	432	228	84	13	3	222	622	206	122	102906889
moss_0.06_1x_20.hist	97893201	1182050	262586	105890	48515	28974	7941	7092	10712	12254	14293	11604	4454	2461	1272	414	656	875	1843	4535	8566	3016	1306	381	21	10	1	0	0	0	756	1512	7896	909	288	17	3	1	0	0	0	0	0	0	0	0	0	0	0	2872	102400780
moss_0.06_8x_20.hist	96769124	1596205	292343	112988	54141	34016	27450	13486	10942	12516	8163	4058	5640	5699	2948	3496	2955	1230	2589	3265	2117	660	2067	1421	746	2389	2847	916	304	151	1099	2198	1409	161	50	2	0	1812	1026	56	17	6	2	853	580	192	85	27	8	567	102690073
moss_0.06_8x_30.hist	96790039	1452539	289038	108308	55163	33976	27270	16200	10671	12206	6564	4796	6618	3657	3025	4377	3381	1407	1779	3080	1997	623	1929	3751	631	412	981	2617	1737	867	256	75	1719	1113	353	21	5	1641	327	17	800	326	172	63	114	486	217	71	22	523	103454452
