sample	r1	r2	r3	r4	r5	r6	r7	r8	r9	r10	r11	r12	r13	r14	r15	r16	r17	r18	r19	r20	r21	r22	r23	r24	r25	r26	r27	r28	r29	r30	r31	r32	r33	r34	r35	r36	r37	r38	r39	r40	r41	r42	r43	r44	r45	r46	r47	r48	r49	r50	genome_length
nematode_0.001_4x_1.hist	152344678	10626058	1895922	712434	395094	246182	133370	86651	130887	112397	54419	29944	41631	56176	29068	13727	7912	9220	19410	28073	18209	5689	2464	4383	9366	29973	6767	2178	725	361	6846	13692	15798	1821	578	35	9	3	7693	4303	8986	3682	1953	731	120	39	16	11261	7081	4248	203978042
nematode_0.02_1x_1.hist	181735566	4748066	1010492	370202	198703	126382	106240	94902	85635	43673	21144	10427	13661	22556	27986	12275	7075	2947	6203	15269	28841	10486	4543	1328	77	41	8	1	0	0	4269	8538	26593	3066	974	59	16	7	0	0	0	0	0	0	0	0	0	0	0	23672	205440984
nematode_0.0_2x_1.hist	151032819	10567306	2082758	757960	429923	271324	259663	127575	58509	66933	78075	88224	45293	25037	12954	18745	29733	39692	9263	5042	3269	3184	15126	29410	11826	6569	1482	476	1698	23781	10682	3173	1268	145	45	1	8611	22711	4541	251	82	32	16	5	0	0	0	0	0	36426	203683681
nematode_0.01_2x_1.hist	169751614	7737154	1451533	541794	303839	190513	156499	76889	57440	65710	76648	37800	14511	10610	13164	19048	30213	29185	4642	2526	2030	3323	15786	30694	4212	2339	527	168	640	8961	15302	4545	1817	208	65	3	0	1682	23932	1328	441	180	94	34	4	0	0	0	0	23564	207156227
nematode_0.002_4x_1.hist	154485227	10153846	1842345	691228	384244	239744	131756	91085	137584	84605	40962	46287	61075	33761	17469	12779	20269	27058	10425	5675	10718	17547	21285	6227	1760	5633	13405	13377	4458	2228	659	194	22195	5064	1610	99	27	14	1	16039	5345	2189	1161	434	1381	2620	1173	390	129	19133	203897116
nematode_0.006_1x_1.hist	163488793	9340576	1733706	637456	363558	230008	208927	186631	93853	47864	23173	16686	23198	38304	47524	32829	18924	7884	1253	1721	3251	5321	25275	49146	2889	1604	361	115	37	17	4	0	5368	16104	25985	1623	465	252	49	1	0	0	0	0	0	0	0	0	0	40598	206951636
nematode_0.01_4x_1.hist	169094475	7750441	1407500	537815	292153	179765	139581	124685	64979	43413	50639	48077	18457	19454	19335	27977	20819	8673	4994	12292	23218	9765	4230	2299	4911	15716	9245	2976	991	494	665	1329	22443	2588	822	50	13	6	0	11375	8239	3375	1790	670	110	35	15	4	8181	5885	206704494
nematode_0.0_4x_1.hist	149668723	10924636	1934487	727021	403821	251851	141841	84132	127082	98976	48703	55034	67936	37554	19432	11212	17784	23740	22466	12230	7932	2477	9343	18167	20257	11252	2539	816	14240	7119	2108	625	2255	6766	22065	1378	395	214	41	1	0	9800	9517	3568	593	196	87	28	8	20815	203160791
nematode_0.004_1x_1.hist	160165426	9810508	1918315	702723	375438	238812	177009	158119	146998	74968	36296	41014	48745	26945	13942	4435	5110	6821	14360	35347	46402	14499	6282	1837	107	58	12	2	0	0	3274	6548	50368	5809	1847	114	31	16	2	0	0	0	0	0	0	0	0	0	0	46372	206474645
nematode_0.001_1x_1.hist	153610697	10356834	2071864	749608	421910	267982	208090	185883	153174	78118	37822	18651	23402	38640	47941	48137	27748	11561	1838	1590	3004	4917	23354	45411	2670	1482	333	106	34	16	3	0	47877	13432	4272	266	75	40	7	0	0	0	0	0	0	0	0	0	0	48693	203942184
nematode_0.02_8x_1.hist	181818392	5166568	974754	374219	198042	122422	104425	81032	42235	44740	34243	23044	17155	28324	14656	10453	16579	11037	6921	11141	7226	2512	11935	6400	1135	3632	8645	6414	2137	1067	7069	3230	1291	147	8466	528	150	1947	6148	340	112	45	2351	3628	603	200	88	157	4728	2835	207832995
nematode_0.008_8x_1.hist	165741036	8510816	1482135	574749	300595	186941	157155	95637	104048	53063	45549	51120	19625	21476	26646	19601	11298	15082	20459	11137	7223	4623	21960	6425	2389	7644	9667	3112	7811	3904	1155	342	14120	4132	1313	81	22	7859	9336	517	171	69	1169	10215	1701	566	252	83	3287	9002	206261218
nematode_0.001_2x_1.hist	153083083	10287595	1988263	728487	412539	260038	247516	121607	55532	63528	74103	83735	51449	28440	15564	22522	15487	6452	13582	33433	26016	8129	3521	1029	1280	4097	9751	26003	17124	8561	2535	752	299	33	9	0	0	13537	20614	1144	380	154	81	29	3	0	0	0	0	32701	203994420
nematode_0.008_4x_1.hist	165930347	8784633	1459128	578948	288989	182696	173550	85266	86135	83744	40546	24420	33951	41270	21355	6793	10080	13455	28326	15915	10322	3224	8212	14437	1236	3956	9415	12183	4060	2029	1343	2685	12129	1398	443	6803	5482	2989	596	32	9	9926	5691	2133	354	117	51	16	4	16575	207106296
nematode_0.02_2x_1.hist	182304653	4906227	978729	373089	190992	120665	128395	63081	35508	40620	47381	32100	12323	13662	16950	24527	16905	7042	1873	4610	8706	14253	14045	4108	240	132	58	154	18757	9377	2777	824	328	36	10	0	0	11857	6518	361	119	47	24	8	0	0	0	303	9175	5504	207474789
nematode_0.02_4x_1.hist	181612508	5146283	980726	373963	202099	123943	92460	82593	54311	27904	32548	36778	18119	13769	17082	24718	14248	5935	3257	8017	15142	8762	3796	1763	3767	12054	5695	1833	610	304	8184	8715	3485	401	126	6	1562	8463	1691	92	29	11	5183	1942	322	106	46	14	3	9561	207614744
nematode_0.004_4x_1.hist	158570905	9638837	1724475	651364	359611	223481	115676	87239	131775	89402	43285	29414	40893	48109	24894	7919	9372	12511	26338	18141	11766	3675	4938	9601	20516	11397	2572	827	874	12241	13329	3959	1582	181	56	2	14820	8083	1615	88	28	10	2320	11358	1892	629	281	92	29	16944	204848490
nematode_0.006_4x_1.hist	162373124	9755603	1507299	617795	300033	190268	178096	141104	55558	62700	73137	55725	21393	15084	18714	27080	28292	11787	4009	9868	18640	20277	8785	2569	2552	8165	19433	6257	2084	1041	307	413	22173	2556	812	49	13	6	0	14608	7710	3158	1675	627	103	33	14	3	5802	14235	207546490
nematode_0.0_1x_1.hist	150365012	10247872	1999885	730276	415977	263703	228402	204027	120842	61628	29838	26193	36416	60128	74603	23736	13682	5699	905	1416	2673	4376	20786	40417	20476	11374	2567	825	274	136	39	10	13322	30751	9783	610	174	94	17	0	0	0	0	0	0	0	0	0	0	50456	200954425
nematode_0.008_2x_1.hist	166390711	8600113	1584222	587563	331480	208520	192811	94730	48626	55628	64887	64818	24884	13755	11726	16967	26912	31924	5077	2763	2957	4840	22991	28800	1693	939	211	67	1176	16470	9191	2730	1091	124	38	1	0	15996	16028	889	295	120	62	22	2	0	0	0	0	25104	207195706
nematode_0.0_8x_1.hist	149325556	11527414	1868839	729730	376753	236089	163248	145826	92247	83318	73920	53693	57666	31876	21569	31210	17991	7495	15473	20637	13385	4181	18109	17887	3295	10543	3212	8566	13489	6743	1997	592	17135	4800	1526	94	26	15247	3048	168	55	21	1384	14169	2360	785	351	116	37	15032	204505703
nematode_0.004_8x_1.hist	158302736	9976342	1669386	651693	338145	210814	143059	127792	107894	57088	66591	61358	23556	25763	31964	10929	17335	23141	10413	9875	18652	11125	5479	10653	13348	7414	2544	6784	12480	6239	1847	547	10020	5945	1890	117	393	12435	2486	137	44	5288	2806	5482	4037	1344	601	199	65	13518	205414059
nematode_0.006_2x_1.hist	163225852	8790771	1678501	621557	349837	219789	192514	94584	57112	65335	76211	57910	22232	12642	15684	22695	35999	20862	3317	5117	9665	15823	23661	6922	406	224	49	15	27338	14257	4223	1253	500	56	17	0	0	0	27997	2169	722	294	155	57	8	1	0	0	0	27418	205896326
nematode_0.006_8x_1.hist	162220205	9228726	1578232	612933	318976	198995	143043	127777	85806	59802	69756	35670	26425	37829	19574	11543	18309	24441	11814	6431	11288	18480	10680	3124	4114	13165	10638	3424	1140	6281	10480	3113	1244	142	7332	7797	2240	1221	243	2994	8967	3674	1949	729	120	6320	2964	987	328	7921	205872009
nematode_0.002_8x_1.hist	154097796	10647913	1774063	690070	357287	223522	159798	142745	76672	87712	78110	38521	45258	35127	24843	11588	18380	24438	5009	12329	23288	10990	7970	15497	7775	4318	5072	13525	6567	3282	4914	9828	6813	784	611	10668	3066	1671	333	17	10436	4493	2383	892	147	1782	8650	2882	959	5428	204854669
nematode_0.008_1x_1.hist	165676111	7664363	1314568	547238	279797	167262	57147	51048	77108	88211	102895	50744	19481	10768	5571	6132	9725	12982	27330	34353	22282	6962	3015	881	50	27	5	0	27347	13672	4050	1202	479	54	16	8639	10740	5857	1170	64	20	7	2	0	0	0	0	0	0	34752	203155418
nematode_0.001_8x_1.hist	151717250	11074163	1833279	710457	373883	232168	185297	142671	80150	91690	61481	69472	38037	24215	30044	28740	16566	7325	15420	20486	13287	4425	21019	10585	2374	7597	18021	5802	1933	965	17888	7603	3040	349	110	5628	9735	5309	1060	57	2560	5521	2929	1097	3611	5045	2260	752	249	11283	204690900
nematode_0.01_1x_1.hist	171065237	7272764	1613816	572292	311642	199078	120639	107764	155117	79108	38301	18888	7250	10939	13572	19638	31150	41584	14033	7639	4954	1547	1671	3248	6939	22206	9003	2898	965	481	141	41	15	45	39666	2478	711	387	76	3	0	0	0	0	0	0	0	0	0	31950	206516608
nematode_0.002_1x_1.hist	154551974	9334171	1622029	670836	335810	201572	67172	60003	90634	103685	120944	60347	23168	13801	17122	24776	39300	25051	3984	2168	2683	4392	20862	40565	2385	1324	297	94	30	14	3	0	41953	15505	4932	307	87	46	8	0	0	0	0	0	0	0	0	0	0	45744	200570689
nematode_0.002_2x_1.hist	154855078	10016460	1874179	695217	391852	246381	229353	112684	56423	64547	75291	85078	40704	22500	11642	16845	26720	25598	4071	7087	13387	21915	24481	7162	420	232	296	790	30564	15281	4526	1344	536	60	18	0	0	11623	22076	1225	407	166	87	31	4	0	0	0	0	29915	203753061
nematode_0.01_8x_1.hist	169017851	7818956	1384866	536462	280137	174337	156310	92930	69833	77597	37569	26127	36323	20078	15772	22822	21049	8769	8014	19726	14123	4412	6144	11946	9493	5273	1702	4538	9477	4737	1402	415	4244	11239	3575	222	62	1702	12962	719	238	96	917	9811	1634	543	242	79	25	10497	206554536
nematode_0.004_2x_1.hist	159724611	9483169	1785928	664713	370882	231898	131520	64831	97927	112028	72198	35605	14152	23367	28992	41952	24183	10075	1601	3006	5678	9294	44149	14310	840	466	104	32	1163	16292	18883	5609	2242	257	81	4	0	0	24257	3675	1224	500	264	98	15	4	0	0	0	29614	205704923
