sample	club-moss_0.001_1x_1	club-moss_0.001_2x_1	club-moss_0.001_4x_1	club-moss_0.001_8x_1	club-moss_0.002_1x_1	club-moss_0.002_2x_1	club-moss_0.002_4x_1	club-moss_0.002_8x_1	club-moss_0.004_1x_1	club-moss_0.004_2x_1	club-moss_0.004_4x_1	club-moss_0.004_8x_1	club-moss_0.006_1x_1	club-moss_0.006_2x_1	club-moss_0.006_4x_1	club-moss_0.006_8x_1	club-moss_0.008_1x_1	club-moss_0.008_2x_1	club-moss_0.008_4x_1	club-moss_0.008_8x_1	club-moss_0.01_1x_1	club-moss_0.01_2x_1	club-moss_0.01_4x_1	club-moss_0.01_8x_1	club-moss_0.02_1x_1	club-moss_0.02_2x_1	club-moss_0.02_4x_1	club-moss_0.02_8x_1	club-moss_0.0_1x_1	club-moss_0.0_2x_1	club-moss_0.0_4x_1	club-moss_0.0_8x_1
club-moss_0.001_1x_1	0.0	0.0	0.0	0.0	0.0023206011331308287	0.0017265022073536054	0.001159228904955159	0.000983655904117685	0.0037676527219696375	0.00332366449171326	0.0026945060956374807	0.00257178446394867	0.005488454591210657	0.004852971084768455	0.004236032341394371	0.003978048195320433	0.007195246237417557	0.00639214052719659	0.005730257138384871	0.00566856485862927	0.008634674096026843	0.007888258720020034	0.0071663606681127735	0.006892707840149535	0.017019707523334895	0.016446602281353303	0.015394869810364066	0.015203736123287992	0.0005920313001363934	0.0	0.0	0.0
club-moss_0.001_2x_1	0.0	0.0	0.0	0.0	0.0019464074205334662	0.001238073925702773	0.0006132487264003208	0.0005520539733259701	0.0034483288428521584	0.002860336129424134	0.002153205328297959	0.002123683385396624	0.005243498834465211	0.0044090442810413265	0.0038064600826089195	0.0037075507344629436	0.006790956326045771	0.005897278453780544	0.005235029271985003	0.005259783560351282	0.008338064735795825	0.0076531360717731044	0.006706546094521295	0.006703908505525257	0.01709422163777252	0.01594996673242194	0.015237587836598671	0.015009331776659106	0.0	0.0	0.0	0.0
club-moss_0.001_4x_1	0.0	0.0	0.0	0.0	0.0012770560625755783	0.0005299643582271444	0.0	0.0005152221910999661	0.002952178214140352	0.0022292525706502186	0.001551815396619246	0.002143820532098293	0.004711975873116795	0.003785908691883946	0.0032215358607674445	0.003635135063802758	0.006396903953875197	0.005376863599058581	0.004832210323844232	0.0053288551279884085	0.007915747508329731	0.007064962099322767	0.006296101128297412	0.0068018241589890786	0.016736434129510976	0.015646194645959642	0.015081090232576087	0.015363129400250818	0.0	0.0	0.0	0.0
club-moss_0.001_8x_1	0.0	0.0	0.0	0.0	0.0013228153102642453	0.0007147226938095159	0.00048332450226153665	0.002099170464635786	0.002934647668023686	0.0024048479308213214	0.002037298679269259	0.0036237845849086923	0.0046804388452777144	0.004012691218225486	0.0037333705462682565	0.005167251586796464	0.006562688332811794	0.005589519075407948	0.00535596911415346	0.006941271953598821	0.00808924876870778	0.007262815241239233	0.006783657006902132	0.00837081812224561	0.016875830556587614	0.015999232120464855	0.015868393425236778	0.01704573640433868	0.0	0.0	0.0	0.0006297578489901038
club-moss_0.002_1x_1	0.0023210117206986596	0.002025680534863086	0.0013227519354304966	0.0013228716974444756	0.0	0.0	0.0	0.0	0.004809403355645374	0.00418111604862923	0.003649151907648296	0.003465528709870006	0.006232578980408099	0.005638723318554241	0.005195816141564068	0.004861164708532066	0.008032420245264266	0.007184583163359375	0.006651925613554177	0.006449040182545446	0.009600918087865935	0.009027736181257824	0.008149515863131472	0.007969598653706805	0.017898973012069146	0.016977015506456274	0.016278072484898275	0.01591180050392325	0.0015679911829985886	0.0012933383610975735	0.0005203432091713606	0.0005146567108444159
club-moss_0.002_2x_1	0.0016606783391499107	0.0012392312895502962	0.0005282796451271545	0.0006886418741417813	0.0	0.0	0.0	0.0	0.004090799113489104	0.003571063508053124	0.002883549284273914	0.0028665577176806424	0.005904754481158081	0.0050777245158630455	0.004499636469240575	0.004416633272296171	0.007388088623683069	0.0066818640100129965	0.006012283896275328	0.006066077191441413	0.008988048989268449	0.008285778879358472	0.007429188987675647	0.007441344987022629	0.017602043990538604	0.016677980996804162	0.0160183385203401	0.015732340056861648	0.0008612728610286722	0.0004615047058993541	0.0	0.0
club-moss_0.002_4x_1	0.0011157281396971096	0.0006137879808432429	0.0	0.00046725085959909617	0.0	0.0	0.0	0.0	0.0036801981271520363	0.0030440094195033638	0.002377636940097282	0.002761540468766484	0.00547204445914393	0.004621427836213242	0.004047753980727368	0.004294384934725131	0.007088719706163037	0.00616850253528922	0.005568109376385848	0.005936849553915041	0.00870185614897113	0.007833854739270844	0.007006988645196587	0.00733900723031007	0.017550622438464288	0.016376273586087935	0.015679920544674462	0.015818644459607817	0.0004357828471406647	0.0	0.0	0.0
club-moss_0.002_8x_1	0.0009832888686367286	0.0005732598131915677	0.0005308660065526534	0.002098212686862779	0.0	0.0	0.0	0.0	0.0036277971890430584	0.0031217007383631365	0.0027549065083928735	0.004359256710935528	0.005419250147235957	0.0047753239017807305	0.004458623469941038	0.006031813629884604	0.0071402632614786625	0.006247373570066908	0.006063200381586972	0.007641522067637865	0.00869528391977247	0.007967590851870475	0.0075279072281398225	0.009105481994734014	0.017744272457900116	0.016767230261278184	0.01650638856490341	0.01781722612402116	0.0	0.0	0.0	0.0014190631496433861
club-moss_0.004_1x_1	0.003772634170580145	0.003591594867406835	0.003060939112132659	0.002939508560743026	0.004814858528062451	0.004256201271783582	0.0038276563085438567	0.003636473800452311	0.0	0.0	0.0	0.0	0.008024809244343994	0.0073404182355227025	0.006822858660147035	0.006514115143709067	0.009518734522570694	0.008842639242681334	0.008207242360222218	0.00825526080438526	0.01087554511393516	0.010470551714080173	0.009663309544259783	0.009670711810029934	0.01902114710527251	0.01850818108297813	0.017785455632967163	0.01752874442672306	0.003052371372061812	0.0029038396057947235	0.002201823238528759	0.002346836279362757
club-moss_0.004_2x_1	0.003202321513574415	0.002866855120098864	0.0022257194035245425	0.0023222684734644154	0.004028478032183693	0.0035758831595189807	0.0030490486900691146	0.0030170599900412533	0.0	0.0	0.0	0.0	0.007288190087241075	0.0066366444320152835	0.006131485552464303	0.0059775610341234785	0.008879876994415154	0.008151825468522715	0.007617120088788053	0.00770363613121747	0.010548862147612123	0.009832371261564537	0.009060505517731104	0.009038575914213545	0.01894549149857993	0.01805771947717713	0.017461912394888823	0.01714022087482496	0.00245195652026101	0.002177408173276622	0.0013870541243445381	0.001623926921770169
club-moss_0.004_4x_1	0.0025863969232745795	0.002148713666080296	0.0015428313400553083	0.001964472667813367	0.0035025850042093155	0.0028747526927929068	0.002371234865739592	0.002658333231963595	0.0	0.0	0.0	0.0	0.006691286487096395	0.006047646625071839	0.0054961230880664555	0.005661982410224792	0.00829997141465459	0.007540591439927497	0.007035944106458422	0.007372581005687238	0.009814855521181708	0.009158260320687802	0.008354465151776189	0.008684848837169502	0.018549121017561756	0.017525980570625876	0.017061082132434784	0.01706134356634164	0.0018128451176806946	0.0014297306221376918	0.0006727228018470216	0.0012817409943695537
club-moss_0.004_8x_1	0.0025675090219885997	0.002201849442801585	0.002206477321860888	0.0036197884892004923	0.0034585097103579164	0.0029681391920935805	0.002851263077989856	0.004356431127237536	0.0	0.0	0.0	0.0	0.006718580248189026	0.00635498039554513	0.006038885762296858	0.007433646987664075	0.008461653915817373	0.0077578833289573025	0.00755511456776283	0.009171117398486773	0.010031558451893949	0.009372811953556397	0.009000511880864443	0.010490433430702332	0.019013184329819112	0.017983646559128083	0.017977543871403698	0.019176944406732625	0.0017576982876053345	0.0014960201290377974	0.0013805266052729411	0.0029320011949828004
club-moss_0.006_1x_1	0.0055020585700286985	0.005465141095876971	0.004890150365408797	0.00469542210537304	0.0062468450882622725	0.006147719366173214	0.0056960760531596984	0.0054402785269844385	0.008034033009484638	0.007575263068674754	0.00698233331200929	0.006751017405310535	0.0	0.0	0.0	0.0	0.011143552005759191	0.010504530343371803	0.010053180086701034	0.009797603158346801	0.01234185823950252	0.012157579435026667	0.011417889984270976	0.011224510239542651	0.020768554612027576	0.020229839170141196	0.01942094938134963	0.01918104247445808	0.004859000605238359	0.00482173730157957	0.004160562237609088	0.004096868793168421
club-moss_0.006_2x_1	0.004683448882169783	0.0044247614608181425	0.0037854806675874267	0.003882860017432238	0.005441720526014272	0.005091136988016983	0.004635562594503181	0.004624584327268674	0.007078957934163247	0.006645213063887401	0.006082691741971326	0.006162213416463403	0.0	0.0	0.0	0.0	0.010205103206019665	0.00963505105809847	0.009135291843062967	0.009132403450061782	0.011858234365836677	0.011181451798128602	0.010445037521622522	0.010287280379393584	0.02005207961301991	0.019326796682343304	0.018805235827804138	0.018379880422191578	0.003938572060382596	0.003695033568844587	0.0030004175331309274	0.0031851877000205154
club-moss_0.006_4x_1	0.004072427736403613	0.0038031968271682653	0.003207324196947021	0.0036067346198993344	0.004995064452137544	0.004491539589256326	0.004042244288855705	0.004310367066831761	0.00655420636710495	0.006112039863727871	0.005503183732416322	0.005844519967992176	0.0	0.0	0.0	0.0	0.009844560201789941	0.009089651758702329	0.008723374404251479	0.00902497776520541	0.011404541302193092	0.010655201149467153	0.009874612399721877	0.010249136742371717	0.01974869231048414	0.01901674761757286	0.01847762602628087	0.01851696439239816	0.0034560681244131864	0.0030978154376428424	0.002431048015176541	0.0029318862981092555
club-moss_0.006_8x_1	0.003966761625317506	0.0038382475818868555	0.003737351630086247	0.00515810418113391	0.004845885657441531	0.0045665944983157665	0.004428907999462932	0.0060238747052300794	0.00648504310421938	0.006168444048349546	0.005854243666288175	0.007428671609933881	0.0	0.0	0.0	0.0	0.00993648157485047	0.009246953163114448	0.00910505605642964	0.01060955887707786	0.011434038174893628	0.010787463104775947	0.010466425832233405	0.01187458286878068	0.02000639420070746	0.01932598982807095	0.019213140645737994	0.02039483349803484	0.0032000170148993915	0.0029675108085955495	0.0030086974270631985	0.004453180516422226
club-moss_0.008_1x_1	0.007219948722841178	0.007081811689873867	0.006643284222915902	0.006591802272332463	0.00805842105920425	0.00769635885490527	0.007383463947425959	0.007176323657980845	0.009538797803507741	0.009234387336066376	0.008665575920362694	0.00851166825785695	0.01115424316872509	0.010595074765231808	0.01026036674637838	0.010003511194156316	0.0	0.0	0.0	0.0	0.013969564862203748	0.013573863397813198	0.012846162100010279	0.012535144234826805	0.022179446995849162	0.02145169816649345	0.020826830553515925	0.020455038499068337	0.006668889447520919	0.0063783124594095015	0.00589058486567168	0.005972290825917148
club-moss_0.008_2x_1	0.0061782921473801464	0.0059251167487470455	0.0053832635575233375	0.005418564983438027	0.006944234549530397	0.006707246853291769	0.006195005878893053	0.006060809213633677	0.008540876793617105	0.008171826937193226	0.007593100717782874	0.0075351181388107055	0.010139025634193331	0.009646263047602313	0.009140780164722606	0.00899187179236351	0.0	0.0	0.0	0.0	0.013143855555966005	0.01260040449269277	0.011764626381232742	0.01161915243660273	0.021383334311330937	0.020384099048006848	0.019871273986763974	0.019584733456217113	0.005395356259437873	0.0052652802832654005	0.0046459902403009	0.004831400571933791
club-moss_0.008_4x_1	0.005516637167645817	0.005236100200254153	0.004816511707923812	0.005182650347446316	0.006403957549170908	0.00600792375310278	0.005566771831242425	0.005870895621053021	0.007895451948516014	0.007601351628677454	0.007052591217515549	0.0073231142168878795	0.009665031692456236	0.00910483089744196	0.00873280771328753	0.008834825280686312	0.0	0.0	0.0	0.0	0.01267169150860424	0.01209097985977006	0.011316978679977068	0.011634105044051726	0.020948815697295554	0.020109451384232157	0.019653411105384228	0.019880423748213315	0.004842276588664041	0.0045829728322023915	0.004055964730776934	0.004561292037697568
club-moss_0.008_8x_1	0.005646528389988278	0.005437867481490168	0.0054730304877763205	0.006924768338950303	0.006422412472574804	0.006263719984583873	0.006116287347494617	0.007626792653246137	0.008211144041003354	0.007939641456343642	0.007614472472115306	0.009159368457119496	0.009733906514144847	0.009395950209564862	0.009305070923609427	0.010603045469839464	0.0	0.0	0.0	0.0	0.013026409568968134	0.012436410876210653	0.012028348353249684	0.013484291879992573	0.02136843689896468	0.020543053842947766	0.020531341887941538	0.021672260322187907	0.004876091670374581	0.004815352254218427	0.004728524394713345	0.006349347832094832
club-moss_0.01_1x_1	0.00867287244415325	0.008699901340766805	0.008226204973424715	0.008134426843211992	0.009641411182946678	0.009368017311690015	0.009068997087635042	0.008748865429181522	0.010909237317128534	0.01097545943600314	0.010252724853862884	0.010101262526499318	0.012365945576323678	0.012317503729389336	0.011892135026342239	0.01152224582608554	0.01398336092544162	0.013632079636097567	0.013193604773777038	0.01313515026848997	0.0	0.0	0.0	0.0	0.023004023563720874	0.022807980335707207	0.022154607183001593	0.02166232894640448	0.008141217554118065	0.008180088933487975	0.007520581722878769	0.007544415550588028
club-moss_0.01_2x_1	0.007634906116747016	0.007696798398891859	0.007081229210061532	0.007052092509302777	0.008738515033957736	0.008325536041542734	0.007875750364800826	0.00774199480187704	0.01012779991648732	0.009866363253967102	0.009231081123245595	0.009117380099858907	0.011751747532228959	0.011205772487087694	0.010725519968369273	0.010504892422727606	0.013113562896563562	0.012613177067746806	0.012156717215538668	0.012123085619004458	0.0	0.0	0.0	0.0	0.02280194938283752	0.021929484193040045	0.021432219850302893	0.021165701863137248	0.007294217575765483	0.007072013892033821	0.0063319737690585	0.006465417149896261
club-moss_0.01_4x_1	0.006908308327217848	0.006714437778011929	0.006282233841700181	0.0065735032665813296	0.007856334186684558	0.007431158959203093	0.007012390507476335	0.007299461779616381	0.009309064943190313	0.00905092694557663	0.008382411585046923	0.008736136533883667	0.010992373145608721	0.010420969138509486	0.009894976291609136	0.010169267098205634	0.012361079228211275	0.011724419319994983	0.011328055435511141	0.011697996882358534	0.0	0.0	0.0	0.0	0.022175170822881066	0.021380211440347883	0.02090152275017585	0.0209754134308666	0.00639180027592322	0.006115733026667077	0.005549224908582518	0.005976119284281717
club-moss_0.01_8x_1	0.006860799857860368	0.006923440490289034	0.0069801435847343905	0.008346981226990232	0.007930971182553221	0.007676016908662399	0.007554475771554039	0.009083636530569551	0.00961299311499902	0.00930678073022658	0.00896225068701722	0.01047201296300038	0.011145337373617233	0.010575238829339296	0.010558895879612992	0.011861632163185832	0.012435791632615434	0.011926571711498026	0.011968928399174598	0.013477859719197632	0.0	0.0	0.0	0.0	0.022556528005054383	0.021732411085161368	0.021863871209227923	0.02299487014692198	0.006400797069979663	0.006319265954901175	0.006199070255323269	0.0077366365826671835
club-moss_0.02_1x_1	0.01716817785893787	0.017863646874965354	0.01742455772992574	0.01703992515108767	0.01805125770337826	0.018375967629823353	0.0183187235179486	0.017923407273927935	0.019162513274469006	0.019745223091419146	0.019401046842523362	0.019214723180877417	0.02089934874955068	0.020865951076663315	0.02062065453093309	0.02022997246145889	0.022298132587981297	0.022217137594764822	0.02184045100134481	0.021616103076443984	0.023105150242085988	0.02365723086096786	0.023085604370539498	0.02282426629024218	0.0	0.0	0.0	0.0	0.01633392824966488	0.017432994794397687	0.016787071736330424	0.016724203822965127
club-moss_0.02_2x_1	0.01602326130992943	0.016106919440511465	0.015749824556719923	0.01563669849218156	0.01653952054145303	0.016827535026176985	0.016530581679682	0.016396862733008017	0.018019934527787707	0.018196322543855097	0.01773258740659244	0.017601005437867284	0.019684426946384316	0.019451134378447105	0.019214586768792632	0.018930861009662823	0.020861731295004994	0.020492322775668544	0.020295358410188553	0.020138474499799323	0.022168491447354503	0.02202383880874358	0.02155462456366417	0.021317182823277842	0.0	0.0	0.0	0.0	0.015341864581988614	0.015683065459146935	0.01517763545875156	0.01518178075702818
club-moss_0.02_4x_1	0.014936287556354557	0.015319593337600631	0.015112369240833376	0.015472252089534252	0.015794640660334806	0.01609120875403248	0.015756325550758805	0.016103129250065757	0.017247724521283748	0.017520347584153897	0.017185286581901764	0.017553257399204894	0.01882394472224256	0.018846505849899147	0.018589070468445917	0.018775356404415574	0.020178169200106278	0.01989410183568722	0.019751192422015996	0.020079257848041182	0.021454575556700727	0.021437937323483293	0.020985393970976752	0.021396123253117766	0.0	0.0	0.0	0.0	0.014303530926068512	0.014880092579133907	0.01447518422542488	0.015010263163906861
club-moss_0.02_8x_1	0.01519306860087288	0.01552622433168081	0.01579271561245959	0.017046903132375574	0.01589909301451386	0.01625715311867756	0.016308746012632932	0.017825788464773628	0.017499321944405385	0.01768426700797269	0.01763262946887782	0.01919740703419136	0.01913220525874675	0.018935319875022595	0.01910720354396499	0.02042904570591749	0.020388091882733786	0.020149641646291037	0.020486866608852156	0.021720802886538056	0.02157503734995916	0.021749831294895796	0.02158990515473109	0.02305636730822075	0.0	0.0	0.0	0.0	0.014493865922413663	0.01503671134610321	0.015106444819078869	0.016521083508723902
club-moss_0.0_1x_1	0.0005917694208093381	0.0	0.0	0.0	0.0015670268861673997	0.0008951626667942272	0.0004525928979840627	0.0	0.0030470006467921977	0.0025441744482565106	0.0018879955171211707	0.001759485442812262	0.004844868479479085	0.004080065584037972	0.0035937581592944434	0.0032072614711849126	0.006643209786935916	0.005580748725354014	0.0050283263663628034	0.004892569071636077	0.008101890626917881	0.007533821958792453	0.006628584357761914	0.006427625138187297	0.01618562764023316	0.015743854234293683	0.014739787108574242	0.014499046215312478	0.0	0.0	0.0	0.0
club-moss_0.0_2x_1	0.0	0.0	0.0	0.0	0.0012416222543738884	0.0004607267642554151	0.0	0.0	0.0027855325843382087	0.0021708353338315365	0.0014315828000356988	0.0014413069395590263	0.0046221025320561555	0.0036791684119563232	0.0030980811601522724	0.0028632420086837584	0.006110821838026889	0.005236682899852868	0.004578590310021292	0.004653055487661896	0.007833202304344637	0.007026785449864521	0.006104065479493753	0.006113095197793354	0.016668755093805276	0.015519723882719534	0.014790672020363632	0.01452421731473862	0.0	0.0	0.0	0.0
club-moss_0.0_4x_1	0.0	0.0	0.0	0.0	0.0005034773492060565	0.0	0.0	0.0	0.002128087698798552	0.0013924002857411606	0.0006780888006364398	0.001344072019043575	0.004017181964751657	0.0030073426555744234	0.002446938945602802	0.002932394224792315	0.005683348577508854	0.004650378738087515	0.0040775745702494705	0.0046132510154985725	0.00725075065864022	0.006330603848958734	0.005572774751650985	0.0060527349768467265	0.016152023745097464	0.015106330289879817	0.014472556641622177	0.014723734202900945	0.0	0.0	0.0	0.0
club-moss_0.0_8x_1	0.0	0.0	0.0	0.0006300553100232858	0.0005150893908722524	0.0	0.0	0.0014203809369611234	0.0023447197258038054	0.0016831622883350288	0.0013302383047373604	0.002936618286574521	0.004086640666974991	0.003294440357558174	0.003036975494556017	0.004463169468910503	0.0059497541708328225	0.004987606780930651	0.004716992801256918	0.00636743283891067	0.007507049325450443	0.006663424363280431	0.006171159413273743	0.007762317188936276	0.01657132254143626	0.015542688558867947	0.015402881775004394	0.016526984122185475	0.0	0.0	0.0	0.0
