sample	moss_0.001_1x_1	moss_0.001_2x_1	moss_0.001_4x_1	moss_0.001_8x_1	moss_0.002_1x_1	moss_0.002_2x_1	moss_0.002_4x_1	moss_0.002_8x_1	moss_0.004_1x_1	moss_0.004_2x_1	moss_0.004_4x_1	moss_0.004_8x_1	moss_0.006_1x_1	moss_0.006_2x_1	moss_0.006_4x_1	moss_0.006_8x_1	moss_0.008_1x_1	moss_0.008_2x_1	moss_0.008_4x_1	moss_0.008_8x_1	moss_0.01_1x_1	moss_0.01_2x_1	moss_0.01_4x_1	moss_0.01_8x_1	moss_0.02_1x_1	moss_0.02_2x_1	moss_0.02_4x_1	moss_0.02_8x_1	moss_0.0_1x_1	moss_0.0_2x_1	moss_0.0_4x_1	moss_0.0_8x_1
moss_0.001_1x_1	0.0	0.0	0.0	0.0	0.0020973470095099786	0.002030696464577839	0.0014062414173809635	0.0015726656265565011	0.004104870006038087	0.0038291176813583317	0.003283198199354562	0.003330958149466181	0.00644183784722143	0.005947008270061575	0.005242705865112083	0.005167337613881235	0.008293095756059536	0.0075520811335813495	0.006679718289533708	0.0065450319834686466	0.010399649262729066	0.009526912351005187	0.008507788354383441	0.008411316365934831	0.01890834823852023	0.018051973970973866	0.017203069247101813	0.01700289847884111	0.0	0.0	0.0	0.0
moss_0.001_2x_1	0.0	0.0	0.0	0.0	0.002295272180276741	0.0019343846982093368	0.0012679715069917896	0.0016633375416208124	0.004357849610529479	0.003722097096698928	0.00320813960743941	0.0033155259478902005	0.006346260730712847	0.005879230167516278	0.0050702643309626805	0.00520878182504253	0.00852779586358104	0.007536279092723452	0.00652235934602725	0.006718428643331911	0.01077761178494024	0.00947841145603008	0.008613316865580575	0.008539214149982108	0.01940656965777743	0.01836583705587732	0.01753546607525799	0.01748827185687754	0.0	0.0	0.0	0.0
moss_0.001_4x_1	0.0	0.0	0.0	0.0	0.0017190359679912458	0.0013520755052516228	0.0009313848689458059	0.0018466750786669682	0.0036664881467655995	0.0031249685164320743	0.0027538137241891153	0.0035722730543343104	0.006023807274788163	0.005251034740830756	0.004732758208354179	0.005413961910064794	0.008012426010295906	0.006989555971957259	0.006301592720536857	0.00713605875333698	0.01019844438783328	0.00900344504437639	0.008245836950396396	0.00899360229517291	0.019173926264989226	0.018090198622007423	0.01735566068636422	0.01776255967509415	0.0	0.0	0.0	0.0
moss_0.001_8x_1	0.0	0.0	0.0	0.0	0.001931008265076445	0.001794177381953962	0.0019258192219220548	0.003947588190295891	0.0038957033580497556	0.003638189484919391	0.0037384732775536805	0.005599386510733059	0.006090557803049958	0.005626486276582425	0.005487560293654564	0.00735479868941646	0.00827646048004561	0.007465060249933663	0.007102215445596202	0.008972521101221233	0.010519297578335992	0.009408295110442276	0.009187988190932294	0.010866957978378921	0.019544180041482215	0.018534134750793393	0.01827204659989135	0.019610771087145686	0.0	0.0	0.0	0.0022507092561901095
moss_0.002_1x_1	0.002094826694852256	0.00236697887907961	0.001759161767131687	0.0019061658382032148	0.0	0.0	0.0	0.0	0.005203870071774674	0.004994027014946427	0.004433868683053046	0.004421823974236948	0.007215476020763094	0.006834921014803662	0.006097835206663243	0.0059361346147167315	0.009263272044852548	0.008851023602709063	0.007788939768994289	0.007668522874209412	0.011397648218654988	0.01051895357908061	0.009546165600599113	0.009362884013409843	0.019839399879116152	0.0191020810413758	0.018163838531728562	0.0178213211499898	0.0010008768659736248	0.0009381249069210546	0.0008424217629053789	0.0010346994490873186
moss_0.002_2x_1	0.0019655184487164454	0.0019330124959981302	0.0013426970117540037	0.0017221935933652908	0.0	0.0	0.0	0.0	0.0050223976087217185	0.004508038064740129	0.00403990109711941	0.004216085950556353	0.007219998388939537	0.006562176714145792	0.005861176875211889	0.0059928320886688995	0.009130402668797718	0.008446442439827987	0.007388221625077128	0.007554109354580053	0.011460493687988554	0.010369422795945764	0.009432672219822998	0.009408550841686994	0.020201286942073383	0.01909881392680675	0.018353635217944576	0.01826320799722645	0.0009351895705420223	0.00045730504688222214	0.000393984161317436	0.0007832875787123796
moss_0.002_4x_1	0.0013709794312738073	0.0012743502807439195	0.0009302719008459215	0.0018661267125425702	0.0	0.0	0.0	0.0	0.0044352579610568215	0.003926994975477478	0.003617868703338697	0.004335701363463417	0.006893324954108104	0.006149490796790253	0.0055208497910577406	0.0061455307711837616	0.008683522626186695	0.007797483783519871	0.007020179929576251	0.007854627212261177	0.011039543344278643	0.009766910469508821	0.009067085386026515	0.0097663061773929	0.019964819256858852	0.01859876106815474	0.018049087879372205	0.01856234323530929	0.0	0.0	0.0	0.0009711196733600538
moss_0.002_8x_1	0.001590187804631924	0.0017302464567565705	0.001902114022433026	0.0039453951661267035	0.0	0.0	0.0	0.0	0.00461135472584681	0.004299964801185171	0.004534686187403136	0.006306870288113826	0.0070503871844969845	0.006381450642633315	0.006342672646641924	0.00804956705325411	0.00893175952607436	0.0082478866971965	0.007810143329686333	0.009685780721156495	0.011122590954298848	0.01013554065493017	0.009993042972725736	0.011531829694924977	0.020311734084653595	0.01911574939182389	0.018909418324824553	0.020203114198755315	0.0005863911106269894	0.0	0.0009970104101198812	0.0030462823718845496
moss_0.004_1x_1	0.004089821601213677	0.004483549998143653	0.0037447971071890695	0.0038392098610198324	0.005191038004095347	0.005171011520054267	0.0045363694858547845	0.0045495177563399354	0.0	0.0	0.0	0.0	0.00902386820213328	0.00889306622075679	0.008180279980300999	0.007939045609022782	0.011143611666961647	0.01056576257499154	0.009597128813482871	0.009504421481994103	0.01317312059885663	0.0123633909270673	0.011424686879548578	0.01118696123650234	0.021063714131420823	0.020480287217108865	0.019803134751798228	0.01951488726950049	0.0032420595150170063	0.0028799017345891107	0.0029717335928544897	0.002952851101930991
moss_0.004_2x_1	0.0037004549636612035	0.003713955345010014	0.0030995055389088835	0.0034888061472057898	0.004831700879635799	0.004501368434959548	0.003900265659560017	0.004127448418699217	0.0	0.0	0.0	0.0	0.008726807187510543	0.008320446114659805	0.00763430581285907	0.007663607947602603	0.010852429876102913	0.009986093872827097	0.009001926565544329	0.009222554414361957	0.01303361454257002	0.012020910819614431	0.011111778169787536	0.011053187939084521	0.021447805895589006	0.020410356920935478	0.01982002986322865	0.01963737899350316	0.0027798035296284726	0.002354284654878795	0.002266528066911328	0.0025356607505772474
moss_0.004_4x_1	0.0031898854753365665	0.0032137693603312726	0.002742618521924093	0.003612462351671368	0.004311848344238549	0.0040494189264316275	0.0036074808168120452	0.0043852757502725204	0.0	0.0	0.0	0.0	0.008414623567256774	0.00785891596150888	0.007297981779538813	0.007817241607732391	0.010456075744084371	0.00956077242429213	0.00874804698629063	0.009467079657922683	0.012581455389466475	0.011551275808757895	0.010890827061386284	0.011344817434427714	0.02123997806105464	0.020044962622457793	0.019672948257218877	0.019854968127909985	0.0021187767361578406	0.0017804598756787143	0.001892288852423654	0.0027427399629543344
moss_0.004_8x_1	0.0033608015645221053	0.0034424764887733567	0.003674547991676211	0.005591065919181914	0.004464790494115534	0.004379509182856952	0.004464881875377489	0.006300992025811313	0.0	0.0	0.0	0.0	0.008496290544184016	0.008136980884659882	0.008127715552973574	0.009606113975675044	0.010540665264536531	0.009941236312260357	0.009585175073953142	0.011242789367110817	0.012742601796423338	0.011853339919771626	0.01169475596776379	0.013170867819697302	0.021526278688130257	0.020549061678244832	0.020357817781628876	0.021584451729931106	0.0022888572231980465	0.0020752586910194122	0.002810146947949011	0.004763515750961007
moss_0.006_1x_1	0.006403929464742183	0.006515267475034079	0.0061418417187132975	0.005993655680811185	0.007181595274703781	0.007417590847218312	0.007038161721391446	0.006946372945413717	0.00900366700960728	0.008978829440058043	0.008618886963543973	0.008386434257168675	0.0	0.0	0.0	0.0	0.012771372649418126	0.012650150203509406	0.011805893497081048	0.011499105263488282	0.015029570510810728	0.014424828542764535	0.013715448340868845	0.013285060135315399	0.022848754572384212	0.022310158133396672	0.021767908311996636	0.021384869759164614	0.005155169959080832	0.005318673365496008	0.005196291288090299	0.005336770421227515
moss_0.006_2x_1	0.005740295927350848	0.005859650206296421	0.005203739574653094	0.0053922359534734525	0.006604961350869989	0.0065449346155084746	0.006102307254237805	0.006121862168569509	0.008614539041856795	0.0083108402006523	0.007823146272230045	0.007820067811531205	0.0	0.0	0.0	0.0	0.012672646959722152	0.011924184934827902	0.010979208179525217	0.01104141783105571	0.014699955283784991	0.013778883404767043	0.013015213967936081	0.012924175090969487	0.023035389844027525	0.021991007021140773	0.021217396765848523	0.02096076088663638	0.004731777458110387	0.004454462234459657	0.0043018436085212825	0.0045667046117066545
moss_0.006_4x_1	0.005086527734806783	0.005072737102731308	0.004708887806944535	0.005298456757319078	0.005922140652478247	0.0058676320548364455	0.005499548978932368	0.006128962043129132	0.007961129770983483	0.007652541056982484	0.007290639465645142	0.007864713823464698	0.0	0.0	0.0	0.0	0.012305098049527813	0.011387928040681672	0.010538127607135427	0.011159578098676676	0.014339329276590047	0.013202166803766227	0.012569419511058907	0.01291842927321843	0.022674192627057048	0.021587350601390005	0.021102246962157827	0.021256411962252076	0.0038722142639547857	0.0037021990838089144	0.003772070843952276	0.004503603039797659
moss_0.006_8x_1	0.005202959252806765	0.005398241571800163	0.0055616426067974555	0.007337265237776377	0.0059825507207438445	0.006213972654677244	0.006320290671634956	0.008034820905007473	0.00801543438859851	0.007954982570077576	0.008061722256915413	0.009597454199545767	0.0	0.0	0.0	0.0	0.012227115386010593	0.011578505932879036	0.01120191434989722	0.013033724840131468	0.014368195101257737	0.013507487141676674	0.013280023021999798	0.014687876253535258	0.022972934780301584	0.022082140422091896	0.02187120142899139	0.023039524498228478	0.0040791078316719164	0.003978060912715936	0.004661211836555766	0.006504297430764042
moss_0.008_1x_1	0.008222342703137797	0.008732056378613228	0.008150529719313333	0.008128405588105098	0.009195289384371738	0.009355626078397048	0.008844958132524663	0.008780967578425709	0.011089157053107854	0.011136270631580153	0.010684347763813733	0.010382058401936737	0.012737462958039823	0.013018510094103342	0.012588943495266547	0.012064572255151692	0.0	0.0	0.0	0.0	0.016643455044757064	0.01612906692078757	0.01543550327602781	0.01488038091022352	0.024570407853757182	0.02407997630645341	0.023617832838042297	0.0229314021632232	0.007388832866706788	0.007234651526390254	0.0073224379432740554	0.007333785299109712
moss_0.008_2x_1	0.0072839130182235775	0.007505445136829058	0.006922740976480823	0.007152448160498043	0.008546725618043344	0.008417822891681654	0.007733125003687991	0.007910304124767013	0.01022719729860133	0.009966869836391177	0.009511420946134413	0.009551033765801822	0.012272282866785238	0.011914963309987498	0.011342656788492665	0.011142379034519643	0.0	0.0	0.0	0.0	0.01608369370592693	0.015197094672169084	0.014493812722202501	0.01430870473839297	0.02441372545346008	0.023707621107772917	0.023083094819369758	0.022818297624480913	0.0065151495707126495	0.00614761678282683	0.00604767308934889	0.006328373521513458
moss_0.008_4x_1	0.006474280286440248	0.006519505625448895	0.006265265442762138	0.006853871270311446	0.007556888896185963	0.00738951203746184	0.0069879792031973765	0.007542794293017132	0.00933128048304887	0.009015316081987286	0.008732738422776044	0.009269805992706673	0.011501508830646174	0.01100636329373656	0.010530275991932929	0.010847388840393718	0.0	0.0	0.0	0.0	0.015638212134479985	0.014472450391557689	0.013882557846861905	0.014240632789540207	0.02389313503864939	0.022996163478868546	0.02261378199451994	0.02263153736884741	0.005555142561238406	0.0052186636506570665	0.005326932284555154	0.006050994074984657
moss_0.008_8x_1	0.006579641331100837	0.006952435770192884	0.007322458226957844	0.008944294687880622	0.007715312861527434	0.007821152995254366	0.008068841599373445	0.009660642128814423	0.009580607610424728	0.009559080478492077	0.009751985223889549	0.011224049496097867	0.011611086033489013	0.011452741041202572	0.011504509143289005	0.013023736858518225	0.0	0.0	0.0	0.0	0.01581571156068869	0.015012973798810945	0.014937760167750776	0.016175158851786418	0.02436969985441586	0.023630090538096435	0.023587101320727725	0.02449661911789315	0.005742702772761855	0.005737166764819048	0.006380306219799831	0.008132645323628129
moss_0.01_1x_1	0.01030394468894612	0.01102795750203142	0.010369924534693112	0.010331487479926136	0.011306262696201906	0.011734696729541203	0.011239978200673826	0.01093461584745283	0.013099520574376758	0.013364286119188634	0.012849261746426333	0.012549739609121575	0.01497894005182416	0.015089151002144254	0.014661330116948172	0.014174645533372733	0.016631181162189708	0.016521096313682166	0.016002502811933782	0.015624589899235465	0.0	0.0	0.0	0.0	0.025987378862408615	0.02579189575071851	0.02549950745862022	0.024986188152742346	0.009417689819254359	0.009362654012602925	0.009456100866336059	0.00961726170824148
moss_0.01_2x_1	0.009183488331213229	0.009434234835258432	0.00891421050797119	0.009013917626551375	0.01015167752049013	0.01032833557643199	0.009682618517327282	0.00971991892626357	0.011960783953415141	0.011990769203459577	0.011486823547491231	0.011386849711191376	0.013986643974651713	0.013760102969871296	0.013143658732243187	0.012996921317976909	0.015681060860034575	0.015188086033918812	0.014420528549187706	0.014465331386774897	0.0	0.0	0.0	0.0	0.025914070020603017	0.025283090778311132	0.02464651458168076	0.024304076060251256	0.008250349991936879	0.008066149224783116	0.00800167945979265	0.008197882604153073
moss_0.01_4x_1	0.008238875929428211	0.008602332763210003	0.008193410193146306	0.008863927927863552	0.009253923541556998	0.009426513881167713	0.009020062778528314	0.009648054151823487	0.01109916018450216	0.01111916721997658	0.01086501053260235	0.011306268447474933	0.013351502204635018	0.013036990070123107	0.012552180516641396	0.01285529880303343	0.015063646203833448	0.014527873975523561	0.013873812417130767	0.014476301783627878	0.0	0.0	0.0	0.0	0.025463378717235665	0.024726012589398175	0.024345012753532687	0.024436399341244416	0.007381108096720231	0.007269290726867609	0.007294323768903275	0.008148860615298913
moss_0.01_8x_1	0.008436059859264855	0.008817747403383864	0.009213289734417419	0.010819363460544715	0.00939889555774645	0.009720355766858169	0.010015932073751788	0.011487652222891245	0.011251957599766936	0.0114323892056892	0.011666514178760792	0.01313266532155	0.013385442081542373	0.013377634552719097	0.01329555403263242	0.014658487641933643	0.015028500636908877	0.014818047214914235	0.01466494617981418	0.016155221275221354	0.0	0.0	0.0	0.0	0.025663345757599678	0.025286394418854573	0.025020674086658496	0.025938957656988025	0.00757296071543703	0.007614798740156364	0.008247751900331451	0.010054416259248996
moss_0.02_1x_1	0.018726389180823255	0.019838389856425987	0.01949475581803594	0.01922826849804079	0.01967109674885421	0.020663393697733585	0.02032274274078656	0.020000983868859394	0.02093406670589762	0.021966753302071193	0.021681213402872213	0.02122731559253309	0.0227570892116139	0.02361540336451837	0.02316721301392111	0.02268558201765596	0.024534302275224382	0.025043721339362012	0.024429377270695676	0.024093331668940714	0.025967781203692548	0.026593935889537082	0.026048870425743408	0.025416185305222435	0.0	0.0	0.0	0.0	0.017654577931984657	0.01838527488263651	0.018739559041244087	0.018633461973617867
moss_0.02_2x_1	0.017395889579576055	0.018267712436359114	0.017911339546771977	0.01778607105912671	0.01842999077719074	0.019009567933986293	0.01843681000158865	0.018359384401268757	0.019807526008470307	0.020343518892870126	0.01992745237804277	0.019765217903265624	0.02162642331051573	0.021943308946661785	0.021483371578083714	0.02127037672328248	0.023404751667172187	0.02367395105340011	0.022903311360586827	0.02278989401939427	0.025090604701882794	0.025261746939984755	0.024642719333312413	0.02443139394138913	0.0	0.0	0.0	0.0	0.016454500506658358	0.016776663785715455	0.01702246330109902	0.017087489770677488
moss_0.02_4x_1	0.016635659248983258	0.017486481587382027	0.017231609538023877	0.017635915173621064	0.017584231098210553	0.01831402800951325	0.01794039619299819	0.018263980279959364	0.019215528078523815	0.019803912149301748	0.019607780588957218	0.01968730814914617	0.021167615344193935	0.021222614024926267	0.021052702037948158	0.02117632784125883	0.023026056049652473	0.02310490848840579	0.02257698415083032	0.022862322225022887	0.02488077176905946	0.02468318650793761	0.024320329008463037	0.024288852993850415	0.0	0.0	0.0	0.0	0.015853981808733805	0.016055133293551422	0.016457220525028	0.01700950787837618
moss_0.02_8x_1	0.016999949801769002	0.01800293092824058	0.018161390220754692	0.019513226085254142	0.017836457161486713	0.018811217718005584	0.018999416969690597	0.02011328538789031	0.019573366510283883	0.02025165126103427	0.02037674479235651	0.0215077981543046	0.02149098135275562	0.021636701489832832	0.021833070616086525	0.022977737777055834	0.023102342375811716	0.023565046190908677	0.023258912281019097	0.024449147735786655	0.025185414415750423	0.02510848148291221	0.025124165070860856	0.02591959554562834	0.0	0.0	0.0	0.0	0.016230619564875617	0.016639405618494335	0.017356751377380738	0.01878880898272332
moss_0.0_1x_1	0.0	0.0	0.0	0.0	0.0010034033632192448	0.0009673774355388529	0.0	0.000580417041599912	0.0032582660619741386	0.002880021975087135	0.00218297790489332	0.002270451272462326	0.005192548618467128	0.0049083161328305055	0.0039952123723762745	0.004054680296532883	0.007462171988839864	0.006763535917218209	0.005737727033386734	0.0057182428503135575	0.009517543272010253	0.0085697717818119	0.0076306414721373575	0.007558470023114619	0.017848683271536176	0.017097165869030106	0.016414367452421356	0.01625172566718657	0.0	0.0	0.0	0.0
moss_0.0_2x_1	0.0	0.0	0.0	0.0	0.0009139537808041488	0.0004597449540639409	0.0	0.0	0.0028121158914533686	0.002370277371509726	0.0017851165151130425	0.0020078212240257675	0.005204250765625194	0.004489702315435947	0.003716553253581252	0.0038557237908438515	0.0070973087552294745	0.006200795305463974	0.005243712180770027	0.00556921971462034	0.009190849766988616	0.0081402893519714	0.007310142842513102	0.007407466663870229	0.018060491440966803	0.016939678577557776	0.01616832577931147	0.016234121305004897	0.0	0.0	0.0	0.0
moss_0.0_4x_1	0.0	0.0	0.0	0.0	0.0008243598812388154	0.0003972571795105836	0.0	0.0009689398981258811	0.0029134609216295133	0.002288068653049813	0.0019021281926497487	0.002734722593026459	0.005103204370259866	0.004346452100876759	0.003795401942507534	0.004542023978261346	0.007207569139719938	0.006113665868760012	0.005363746559972057	0.006224101130910773	0.009311397230949014	0.008091750219498267	0.007349061738313375	0.008059065404923378	0.018451410449461716	0.017212072737815456	0.01659317945665075	0.016992280152739857	0.0	0.0	0.0	0.0
moss_0.0_8x_1	0.0	0.0	0.0	0.002251970300167353	0.0010494969903151591	0.000816954765315568	0.00100299172079259	0.0030496843004722864	0.002999965116416212	0.002647206599706513	0.00284072631059466	0.0047732749863078445	0.005428874003486249	0.004770106625452511	0.004668057297796792	0.0065234852154196984	0.0074756276104033055	0.006611783540030232	0.006275235573869552	0.008162861172602785	0.009802191658140247	0.008565175828440014	0.008453288186737217	0.010104273484648575	0.018955831985262548	0.017821711927353538	0.017635616903141766	0.01889286952083888	0.0	0.0	0.0	0.0
