sample	r1	r2	r3	r4	r5	r6	r7	r8	r9	r10	r11	r12	r13	r14	r15	r16	r17	r18	r19	r20	r21	r22	r23	r24	r25	r26	r27	r28	r29	r30	r31	r32	r33	r34	r35	r36	r37	r38	r39	r40	r41	r42	r43	r44	r45	r46	r47	r48	r49	r50	genome_length
moss_0.0_1x_23.hist	54596240	8789450	2038542	746837	427061	272153	279963	250086	267574	136462	66070	32583	28276	46688	57926	83822	68333	28471	4528	3158	5964	9763	46377	90178	5303	2945	664	212	69	33	9	1	67262	16985	5403	336	95	51	9	0	0	0	0	0	0	0	0	0	0	58841	105763549
moss_0.001_2x_novaseq_profR.hist	51111674	11561899	1916488	821060	457502	285837	305410	150051	89011	101828	118779	134219	59408	32839	21551	31185	49466	66035	31510	17154	11126	5190	24651	47932	27756	15419	3480	1119	2620	36690	10870	3228	1290	147	46	1	25703	19850	3969	219	72	28	14	4	0	0	0	0	0	42141	112683221
moss_0.0_1x_20.hist	55152341	10419163	1895052	811601	451790	282112	392008	192598	75834	60094	70097	79209	110124	97088	50239	15984	12361	16501	34738	85509	55464	17331	7509	2196	128	70	14	3	1769	24769	74351	22091	8835	1018	322	19	4	1	0	0	0	0	0	0	0	0	0	0	0	66473	106535673
moss_0.001_8x_MiSeqv3L250R.hist	54665579	6991628	1559238	644095	321192	203359	285817	140425	116614	133405	85300	42067	58287	68624	35510	22744	36076	48160	30238	16462	16085	26333	32621	9544	3175	10161	22725	7317	10616	5307	1571	1455	25551	2946	936	57	15	10706	12666	702	233	94	49	14019	2335	777	347	114	37	14523	87910241
moss_0.0_2x_25.hist	50412681	11025705	1935615	827230	457812	284909	255156	125361	97191	111185	129694	146553	56265	31102	17276	24998	39652	52934	65388	35599	23090	7214	3125	3580	7650	24480	58261	23539	7845	3921	1160	343	136	14	3	5881	34208	18658	3730	206	67	26	13	3	0	0	0	0	0	41056	110106220
moss_0.01_1x_20.hist	64174216	10779159	1520031	652487	365556	229092	302771	148755	64252	73504	85739	80413	30872	17065	20651	29882	47398	63275	36343	19785	12833	4009	1736	507	28	15	2	0	2570	35991	34456	10237	4093	471	148	8	1	0	0	0	0	0	0	0	0	0	0	0	0	45467	109559495
moss_0.0_4x_MiSeqv3L250R.hist	51410346	10584288	1911553	813950	445708	275626	210387	106477	160834	183994	114607	56520	31108	51364	63728	64283	37056	15439	11270	27742	52401	35758	15494	17717	9208	5114	12171	32457	16307	8152	2414	716	3812	11435	21906	1368	392	213	41	20488	6935	2841	1507	564	93	30	12	3	0	30416	96557083
moss_0.001_4x_23.hist	53546647	8963904	1750575	740032	396740	242022	205457	183531	207914	106035	52074	58842	81808	73640	38105	18390	29170	38940	51605	28095	18223	6622	31455	34021	2000	2812	6692	17846	22932	11465	3396	1008	402	45	28129	5905	1696	924	183	9	11620	8420	4468	1674	278	91	40	12	3	23375	102485258
moss_0.001_1x_23.hist	52459085	9570548	1680550	721174	403716	252893	401280	197153	77628	39589	39370	44487	61849	102123	126707	47423	27337	11389	1810	3043	5748	9409	44696	86908	5111	2838	639	205	67	32	8	1	61873	14827	4716	293	83	44	7	0	0	0	0	0	0	0	0	0	0	51923	103084193
moss_0.0_8x_25.hist	53050212	6757377	1549999	622119	319407	201525	240234	145536	171337	87381	79540	89880	38744	45468	56413	33452	28400	37913	38471	20944	13584	19157	40809	11940	3630	11615	22884	7368	2455	9920	14392	4275	3371	10113	8838	551	157	5983	12151	674	223	90	10392	6333	1054	350	156	51	16	16999	98575854
moss_0.0_4x_HiSeq2500L150R.hist	57142084	14423244	2483504	1053390	570393	350253	216705	136557	206272	235974	118098	58242	37866	62522	77573	74194	42770	17819	8497	20914	39504	64674	34760	10170	1185	3791	9021	24057	44791	22394	6634	1970	787	89	27	0	0	47450	12685	703	233	94	49	17	1	0	0	0	0	42713	109608989
moss_0.01_8x_20.hist	66721262	6317008	1341510	547634	269688	170413	209526	102942	107422	79919	50274	56809	56045	30981	30022	43443	25042	11876	25001	16293	10568	8846	22066	6455	1723	5514	13123	6005	2000	8433	4810	1428	3438	10237	3256	202	57	5035	7545	418	138	557	7442	2790	464	153	67	21	6	11994	96157455
moss_0.001_4x_MiSeqv3L250R.hist	53464657	9623830	1795184	761947	413366	254140	172898	112506	169941	182512	88367	43579	32241	53235	66050	63678	36707	15293	8775	21600	40799	49415	21412	6264	3418	10936	26028	8380	2792	1395	18043	24217	9686	1116	354	21	5	1	13385	15868	5288	2166	1148	429	70	22	9	2	0	26691	95645199
moss_0.001_4x_HiSeq2500L150R.hist	57968608	14802699	2500232	1059774	572696	351217	212450	134086	202538	231703	123987	61146	26123	43133	53516	77441	85130	35470	5641	4734	8941	14636	69524	72673	4273	2373	534	171	1695	23735	39807	11827	4729	544	172	9	1	15556	31631	1756	584	238	125	46	6	1	0	0	0	42519	111413496
moss_0.001_8x_25.hist	54733513	6503602	1494362	597722	307971	193983	189505	169281	161395	82310	81310	82819	31795	49161	60996	23273	31373	41881	36614	19933	13836	22651	28316	8284	5608	17945	17775	5723	1906	9988	16285	4837	1934	222	11651	8259	2373	1293	257	11439	3812	1561	827	1566	7611	2536	1135	377	124	12573	98609162
moss_0.01_2x_novaseq_profR.hist	65148386	6977521	1298602	547522	291225	176688	118672	106007	160125	103447	50085	24700	27819	45933	56990	47123	27164	11317	3765	9269	17507	28661	26874	7862	461	255	56	17	5877	25450	7539	2239	894	102	31	0	0	11084	16680	925	307	125	65	23	2	0	0	0	0	21152	104314889
moss_0.01_4x_HiSeq2500L150R.hist	68730330	10644255	1703252	719759	385441	234948	133157	103068	155684	130053	62968	31053	33814	55832	69272	30257	17441	9036	19024	43902	28476	8897	3854	3616	7726	24723	10514	3384	1127	562	20974	6231	2491	286	90	4	0	312	29297	1626	541	220	116	42	6	1	0	0	0	22569	106878732
moss_0.0_1x_MiSeqv3L250R.hist	52904091	10348214	1870577	800547	444742	277396	340293	167190	65830	52741	61520	69516	96648	159581	94184	29966	17274	7196	2437	5998	11328	18546	88092	25776	1515	840	188	59	18	8	71115	34313	13724	1582	502	30	7	3	0	0	0	0	0	0	0	0	0	0	0	65320	103425035
moss_0.001_2x_MiSeqv3L250R.hist	52596992	11503433	1918561	821175	456369	284709	284595	139825	81279	92982	108460	122559	104999	58042	30034	9555	11758	15695	33042	81335	52757	16485	7142	2089	4391	14053	33445	26068	8688	4343	1285	381	151	16	17299	33133	9524	5194	1037	56	17	6	2	0	0	0	0	0	0	44664	102044619
moss_0.01_4x_20.hist	67486340	7955689	1433624	603869	320263	193902	143225	127940	165979	84648	40983	35154	48875	71253	36870	14920	23666	31593	25433	13846	10357	16955	11661	3411	7288	23323	9625	3098	1031	514	151	44	27175	4229	1344	83	22	11	1	7710	8180	3351	1778	665	109	35	14	3	0	16563	101156877
moss_0.01_2x_25.hist	65062570	7642885	1355557	573192	307511	187680	111001	79137	119537	136749	69973	34508	20295	33510	41576	60162	43218	18006	2863	3887	7342	12018	42228	12355	725	402	871	2322	20979	10488	3106	922	367	41	12	1147	18984	10354	2069	113	36	14	6	1	0	0	0	0	0	24246	105587027
moss_0.01_4x_novaseq_profR.hist	65908641	5941905	1260480	519269	256563	161564	196054	142233	69153	79110	79605	39258	35772	59064	40194	12788	18362	24511	32693	17798	11544	3606	4577	8898	19014	14998	3385	1089	362	180	17982	7555	3021	347	109	5	0	15901	3179	175	57	22	2743	6384	1063	353	157	51	16	12664	102258372
moss_0.0_8x_20.hist	53925219	10710982	2459599	1050298	579858	373011	304565	149636	166607	132653	65964	74539	84847	46902	25443	36817	58398	26164	24849	39852	25849	8076	21314	41443	2749	4721	11235	29961	10698	5348	1583	469	186	20	5	0	0	0	2475648	137535	45844	18787	9971	3738	622	206	91	29	8	4	65717163
moss_0.01_1x_MiSeqv3L250R.hist	64225261	10001155	1533618	625428	356076	225069	289815	258887	135249	68976	33395	16469	14050	23198	28781	41648	66061	88189	19946	10858	7042	2199	952	277	15	7	0	0	4318	60459	19561	5811	2323	267	83	4	0	0	0	0	0	0	0	0	0	0	0	0	0	43606	107260842
moss_0.001_8x_20.hist	55319495	8114591	1728189	714171	356585	224958	300236	147509	127569	144838	70126	55379	76993	42689	52965	22538	33748	45052	33967	18492	19340	31662	20537	6008	9785	31035	7007	2255	1903	26653	12023	3571	1427	163	51	2	0	0	0	0	0	0	0	0	0	0	0	0	0	0	65392415
moss_0.0_1x_novaseq_profR.hist	53460733	7442763	1710739	651780	371033	234508	354728	257723	101477	51752	46817	52903	73550	121443	65906	20969	33260	44400	7062	3844	4691	7680	36479	70932	24191	13438	3033	975	324	161	46	12	4255	12764	50200	3136	900	490	97	4	0	0	0	0	0	0	0	0	0	47337	101026406
moss_0.0_4x_20.hist	51791135	14566094	2338951	999304	552506	343657	265927	130653	148259	169607	175404	86504	33210	38809	48151	69676	75760	31565	5020	10522	19875	32537	80633	23593	1386	969	2305	6146	31786	15892	31748	9432	3771	434	137	7	1	0	42835	7762	2586	1059	561	209	33	10	3	0	0	36975	110018437
moss_0.01_2x_23.hist	65390027	7831177	1360197	576547	311544	191048	136255	66943	86521	98979	115455	69116	26534	15129	18770	27160	43081	57511	19349	10533	6831	2133	2518	4896	10461	33476	16025	5159	1718	858	253	74	28	2	0	13531	16161	8814	1761	96	31	11	5	0	0	0	0	0	0	23965	104494388
moss_0.0_2x_HiSeq2500L150R.hist	61513304	9690520	2235280	831334	473836	299672	402298	317604	125055	63777	57467	64937	90282	131465	68028	21644	12476	8032	16908	41620	78615	24566	10644	6499	13887	44438	19428	6255	2084	1041	307	90	35	3	68714	8432	2423	1320	263	13	3	0	0	0	0	0	0	0	0	51921	104928808
moss_0.001_4x_20.hist	54777596	12407146	2085626	888105	486402	300829	215272	113235	171042	195672	115930	57173	33983	56111	69619	62677	36130	15053	10253	25238	47671	50038	21682	6343	2082	6661	15854	42277	14091	7044	2086	618	8618	20313	6462	402	114	61	11	24074	8023	3287	1743	652	107	34	14	3	0	31781	106142717
moss_0.0_1x_HiSeq2500L150R.hist	66198353	14916781	3486212	1283610	631855	403164	346008	309083	267734	136543	66110	51775	71982	118853	147465	132477	76368	31819	5061	2754	1785	557	1301	2530	5405	17297	41166	109776	64502	32250	9554	2837	1134	129	40	1	0	0	0	0	0	0	0	0	0	0	0	0	0	114637	134486180
moss_0.01_1x_23.hist	63705448	8452801	1291460	554748	311409	195364	320002	157221	61904	31570	27022	30534	42451	70093	86967	38941	22447	9352	1486	1964	3709	6072	28842	56080	3297	1831	412	131	42	20	5	0	16972	24192	7696	480	137	73	13	0	0	0	0	0	0	0	0	0	0	34593	103759794
moss_0.0_8x_novaseq_profR.hist	52930904	6670426	1531990	615086	316080	199331	218924	170747	163883	83579	81265	87353	33536	49609	61552	23037	34467	46012	22709	16510	31184	29064	12593	9855	21059	19226	4340	1396	18533	14155	4193	1244	4606	13817	11467	715	204	110	11468	5737	1911	782	414	12394	2064	687	307	101	32	15183	99387153
moss_0.01_1x_25.hist	63981016	9935905	1457583	624621	348321	217726	274905	135064	53180	44165	51516	58212	80932	89429	46276	14723	8486	3535	6329	15578	29424	48171	27390	8013	470	260	57	17	4	1	0	0	42061	16160	5141	320	91	48	8	0	0	0	0	0	0	0	0	0	0	37433	109733371
moss_0.01_8x_MiSeqv3L250R.hist	66439754	5673543	1253482	507186	251136	158855	211624	103973	86345	98777	47824	44912	58951	32587	32943	38176	22006	13971	26475	14413	9469	15501	15371	4496	3139	10044	14861	4784	1593	795	6140	12280	5141	592	187	10	9103	6093	1217	66	21	366	8301	3112	517	171	75	24	7	11280	92925523
moss_0.0_2x_20.hist	55186485	10665620	2048981	864445	460654	280835	220069	196584	248929	126952	61466	69456	96564	78720	40734	12959	16982	22669	47724	66322	43018	13442	5824	3157	6745	21585	51372	16542	5513	2755	815	241	95	10	13481	38040	10935	5963	1191	65	20	7	2	0	0	0	0	0	0	46927	105543811
moss_0.001_1x_novaseq_profR.hist	51090308	10033530	1663147	715974	404350	254503	422248	235043	92547	47198	42580	48115	66893	110451	94458	30054	17324	7217	4443	10935	20655	33815	92099	26948	1584	879	197	62	19	8	1	0	42484	35419	11268	703	201	108	20	0	0	0	0	0	0	0	0	0	0	48502	104771985
moss_0.01_8x_HiSeq2500L150R.hist	67618848	6723936	1396407	573728	280932	176963	227049	111552	94849	104067	50386	40388	56151	48587	25141	34762	30723	12800	16525	26351	17092	5340	7315	14224	13139	7298	1647	529	9658	13809	4090	1214	484	54	8109	10454	3004	1637	326	17	4	0	0	0	0	0	0	0	0	0	74691228
moss_0.01_4x_MiSeqv3L250R.hist	65997118	7002174	1317102	554952	294576	178461	137158	122521	156034	79576	38528	33958	47212	77954	42857	13635	10318	13774	28996	32934	21361	6674	2891	2180	4658	14905	19694	6341	2112	1055	436	871	21131	2436	774	47	12	5	4925	11432	3809	1560	827	309	50	15	6	1	0	17208	96719824
moss_0.0_1x_25.hist	50925435	9620632	1751344	749462	416311	259641	263790	129603	90697	103756	121028	136761	52505	29024	16630	24064	38169	50954	58581	31893	20686	11765	55884	21437	1260	699	156	49	15	6	11560	23120	59290	6838	2174	134	37	19	2	0	0	0	0	0	0	0	0	0	0	53925	104223964
moss_0.01_8x_23.hist	66445100	5546870	1247847	495030	251038	158204	171455	106239	122135	62287	52595	59431	54247	29987	27125	39251	30537	12722	15722	22817	14799	4623	9007	17513	5136	3311	7879	11637	3878	1938	6717	7448	2978	342	6554	5172	1486	809	160	8200	2732	1118	592	221	4918	1638	733	243	80	8890	98740315
moss_0.0_8x_MiSeqv3L250R.hist	53236574	7223991	1613083	666846	333338	211003	292503	143710	128886	147445	71388	52464	72940	45349	33803	48914	28196	32430	43915	23908	15507	9755	46335	13557	2299	7357	17510	21036	7011	3504	6247	12494	11469	1322	419	5755	11363	6197	1238	67	21	7602	10207	3826	636	211	93	30	9	19534	87484279
moss_0.01_2x_20.hist	66874607	8629785	1472538	623422	335702	205396	143276	70392	79506	90954	106094	96386	37004	20455	15761	22806	36174	48290	30437	16570	10747	3357	2088	4060	8676	27762	19600	6310	2102	1050	310	91	35	3	4292	24611	7074	3858	770	41	12	4	1	0	0	0	0	0	0	27694	104278653
moss_0.001_2x_25.hist	51115315	11863338	1950747	835359	464874	290232	276232	135716	96509	110406	128784	145525	58885	32551	16843	22660	35942	47981	68355	37214	24138	7542	3267	5334	11397	36471	49650	15988	5328	2663	788	233	92	9	2	29434	19158	10449	2088	115	37	14	6	1	0	0	0	0	0	42935	112404251
moss_0.0_4x_23.hist	51988379	9220767	1814513	767375	411882	251453	217326	194133	217880	111117	53799	60792	84519	74469	38534	21641	34326	45824	34205	18621	20763	33991	37999	11118	1868	5978	14226	34393	11463	5730	1696	503	2527	7580	33201	2074	595	323	63	2	10770	9817	5210	1952	324	107	47	14	3	24406	102517536
moss_0.0_2x_novaseq_profR.hist	49643941	11485100	1941335	831611	463240	289373	295398	145132	96176	110025	128340	145023	55677	30777	18830	27247	43218	57694	59348	32310	20957	6548	3275	6368	13607	43541	42618	13723	4573	6205	1837	545	217	24	6	25139	25797	14070	2813	155	50	19	9	2	0	0	0	0	0	40301	111818645
moss_0.001_1x_25.hist	51670279	9774436	1668678	717188	403215	253177	419723	206215	81196	41409	42979	48565	67520	111486	109816	34940	20141	8391	2051	5048	9535	15609	74143	71924	4229	2348	529	169	55	26	6	1	23943	39253	12488	779	223	120	23	0	0	0	0	0	0	0	0	0	0	50836	104106614
moss_0.001_4x_25.hist	53701680	7760114	1615574	680031	359903	219973	192549	172001	197637	100794	52293	59091	82153	61342	31741	23397	37112	49542	16092	39612	26382	8243	13862	26953	21051	11694	2639	849	25280	12639	3743	1111	1486	4457	22762	1421	407	221	43	1	16541	6778	3596	1347	223	73	31	9	2	23008	101592286
moss_0.001_1x_MiSeqv3L250R.hist	55126850	10611430	1912192	816974	451725	280977	309552	152086	59883	64429	75154	84923	118068	94605	48954	15575	8977	11700	24631	60629	82480	25774	11167	3266	191	105	22	6	1767	24743	67609	20087	8034	925	293	17	3	1	0	0	0	0	0	0	0	0	0	0	0	66150	106015286
moss_0.001_2x_23.hist	52250233	11524719	1947056	832776	461860	287790	276723	135957	89857	102796	119908	135495	54901	30348	20248	29299	46473	62040	43425	23641	15334	4790	11414	22194	47425	26346	5948	2943	20376	10187	3017	895	357	40	11	30081	18397	10033	2005	110	35	13	6	1	0	0	0	0	0	45137	109635840
moss_0.0_8x_HiSeq2500L150R.hist	56059989	22606696	4358565	1656314	932299	585752	506407	248804	198356	226918	182084	89798	75298	124329	64335	42699	67729	71421	11361	18957	35808	58622	38413	11239	3058	9786	23290	62107	20701	10349	3065	909	11173	33519	22708	1418	406	220	34993	8023	2673	1094	580	216	7796	21136	9473	3156	1051	629	100368336
moss_0.0_4x_novaseq_profR.hist	52138028	7816521	1675110	698502	359067	223472	245797	219566	140124	84192	98207	93346	35837	39405	48891	63556	36637	15264	15606	38415	49531	15477	6705	5391	11519	36860	15093	4859	1618	19245	5701	1693	3146	9437	20595	1286	368	200	39	3574	15033	6160	3268	1224	203	66	28	8	1	23336	102324080
moss_0.001_8x_novaseq_profR.hist	54718555	6422085	1476078	590783	304310	191809	207927	154541	160020	81609	89523	78251	30041	49255	61112	25663	29888	39898	32192	17526	19594	32077	13899	6524	13941	25259	5702	1835	7354	20008	5927	1760	3358	10073	9247	576	164	2163	15839	878	291	118	4250	10697	1781	592	264	87	28	14838	99461786
moss_0.0_4x_25.hist	51967415	8081306	1688568	710126	374789	229316	203087	181414	208921	106549	53249	60170	83654	67936	35154	19369	30723	41014	49253	26814	17392	5434	21095	41017	12366	6869	1729	4610	27344	13671	9352	2777	1110	127	12127	15066	4330	2361	471	25	583	13105	6955	2607	433	143	63	20	5	21742	101793355
moss_0.0_8x_23.hist	53493135	6919697	1583989	636615	326427	205985	248678	146377	170026	86712	99504	72961	40774	67324	34837	28736	45581	45571	12264	30187	35220	11005	13584	26413	17383	9656	3521	9389	21639	10818	3204	951	11140	11652	3706	230	65	12064	8381	464	153	62	9389	8162	1359	452	201	66	21	16725	96645867
moss_0.01_4x_23.hist	66346474	6391305	1299432	540107	274782	169294	154267	137804	140161	71481	40480	45742	63594	45316	23449	22540	35753	37376	5945	5287	9986	16347	29140	8525	724	2316	5513	14700	5524	2761	817	241	19641	5198	1653	102	28	14	1	7196	8482	3475	1843	690	114	37	15	4	0	15766	101110939
moss_0.001_1x_HiSeq2500L150R.hist	65477842	12221428	2846216	1030557	540159	346390	247027	220665	333318	257690	124766	61531	23622	31529	39119	56607	89789	119866	19068	10380	6732	2102	910	834	1783	5704	13575	36201	88576	44287	13121	3897	1558	178	55	2	0	0	0	0	0	0	0	0	0	0	0	0	0	89589	122437035
moss_0.01_8x_25.hist	66462273	5429452	1229695	486253	248005	155922	150091	134073	100285	64852	75647	37306	48261	48163	24921	22712	36025	27585	5601	13786	26039	8885	3849	7278	15552	8639	1949	2224	13182	6590	1951	578	3375	10125	5471	340	97	51	12062	1043	346	141	73	7874	1688	561	250	82	26	9604	100293941
moss_0.001_2x_HiSeq2500L150R.hist	62099611	10181164	2309878	860203	491241	310990	384233	342468	134845	68770	45776	51726	71914	118741	63985	71169	41026	17093	2718	3323	6276	10274	48804	94896	19376	10763	2429	781	259	128	37	10	3	0	78987	4935	1418	772	153	7	1	0	0	0	0	0	0	0	0	50756	106402433
moss_0.01_2x_HiSeq2500L150R.hist	69044062	10452394	1872991	728875	409887	257399	332936	163575	64407	51589	60176	67998	77903	43064	22283	32244	51145	43185	6869	3739	2861	4684	22250	43262	18974	10540	2379	765	254	126	36	9	2	0	45373	4660	1338	729	144	7	1	0	0	0	0	0	0	0	0	33583	108237444
moss_0.001_4x_novaseq_profR.hist	53681239	7618025	1625668	678283	349303	216633	225638	201559	162351	82798	66903	75600	83223	46005	23805	24772	39293	52454	35459	19304	12521	9103	43241	21144	3799	12157	2941	7842	24394	12196	3612	1072	427	48	24297	7541	2167	1181	235	12	831	13930	7393	2771	460	152	67	21	6	20513	102263856
moss_0.01_8x_novaseq_profR.hist	66416620	5349697	1215808	480594	244846	154192	154585	118190	115579	58944	61426	62881	30797	50850	29243	24710	35863	14942	13904	22102	14335	4478	13549	9742	9794	5440	2974	7932	10506	5252	1555	461	5991	9850	3133	194	55	3416	10332	573	190	76	297	8105	1349	448	200	65	20	9605	100887344
moss_0.01_1x_novaseq_profR.hist	63724061	8163473	1262008	542260	304643	191210	317890	156183	61496	31362	29385	33204	46162	76221	87856	27953	16113	6712	1726	4249	8026	13139	57476	16817	988	548	122	38	11	4	0	0	32800	16286	5181	322	91	49	8	0	0	0	0	0	0	0	0	0	0	34263	103991963
moss_0.001_8x_HiSeq2500L150R.hist	56114911	22508741	4312674	1631790	919401	577947	502983	247122	174155	199233	205589	101390	48501	80083	99361	78889	45476	18947	17424	42890	76296	23841	10330	8791	18784	60108	16464	5301	3449	48293	14308	4250	1699	195	25297	31528	9063	4942	987	53	16	7127	23303	8737	1455	484	216	71	22	31778	100895217
moss_0.01_4x_25.hist	65820868	6066258	1257381	521466	263420	163498	169116	151068	105118	57917	67557	67060	25745	34993	43416	44191	25474	10613	6407	15771	29788	16939	7339	2146	3507	11223	10861	3496	7728	9685	2868	851	339	38	20623	1287	369	200	39	1	5304	6568	3485	1306	216	71	30	9	2	13268	101825508
moss_0.01_1x_HiSeq2500L150R.hist	74447526	13427861	2889794	1058666	517113	332217	166632	148849	224838	229646	111188	54834	21051	21931	27209	39373	62453	83372	13262	7219	4682	1462	752	1461	3122	9992	23781	63415	31459	15728	4659	1383	552	62	18	0	0	0	0	0	0	0	0	0	0	0	0	0	0	60177	127931953
moss_0.0_2x_23.hist	51331137	10879241	1924666	822550	455166	283250	256068	125809	96682	110603	129014	145785	55970	30939	18834	27254	43229	57709	62669	34119	22130	6914	2995	3817	8157	26103	58446	18820	6272	3135	927	274	108	11	2	24227	23957	13066	2612	144	47	18	8	2	0	0	0	0	0	42984	107816109
moss_0.001_8x_23.hist	55040671	6746774	1542229	620730	315976	199304	208864	186574	130710	87953	102594	50596	58143	48990	50315	23670	37544	50120	20217	15370	29031	27068	11728	15173	21054	11695	3867	10311	15676	7837	2321	688	19035	6212	1975	122	34	15443	6060	335	110	44	7285	9008	1500	499	222	73	23	15868	96938311
moss_0.001_2x_20.hist	55294968	11520305	1989435	848955	467794	290385	252313	123964	94211	107776	125717	142060	78696	43502	22510	16109	25551	34109	71809	45281	29370	9177	3975	3543	7570	24223	57649	18564	6187	3092	915	270	107	11	2	25296	20811	11350	2269	125	40	15	7	1	0	0	0	0	0	44323	106978222
moss_0.0_2x_MiSeqv3L250R.hist	52064633	10218056	1879060	800564	439089	271803	227106	111579	125782	143894	152932	75421	28955	25376	31484	45559	72265	82394	13107	7135	4627	3947	18750	36458	53868	29925	6756	2174	723	360	105	30	11	0	44530	22476	6460	3523	703	38	11	3	1	0	0	0	0	0	0	46595	98501667
moss_0.001_1x_20.hist	56559090	9596302	2014890	827421	404484	253233	166447	148684	224589	256929	124398	61349	23552	13019	12978	18779	29786	39763	83710	64377	41757	13048	5653	1653	96	52	10	2	1714	23995	70680	21000	8399	967	306	18	4	1	0	0	0	0	0	0	0	0	0	0	0	61385	105298415
moss_0.01_2x_MiSeqv3L250R.hist	65624095	7715673	1320129	561740	307031	189651	161917	79551	63347	72469	84532	95520	46381	25638	15767	22815	36189	48310	25716	14000	9080	2836	2234	4343	9279	29693	16122	5190	1729	863	254	74	28	2	0	23603	9705	5293	1057	57	18	6	2	0	0	0	0	0	0	25772	99334809
moss_0.001_4x_30.hist	53683506	7345858	1585164	659956	337561	210729	245567	219361	86372	96430	112482	80050	30732	40271	49966	30122	47779	50680	8061	13719	25913	42423	22871	6691	2391	7652	18211	24282	8093	4045	1197	354	5563	16690	14436	901	258	139	26	0	12076	9389	4983	1867	310	102	44	13	3	21780	104300379
moss_0.001_4x_17.hist	65956270	13587972	3069783	1125692	642133	406286	450586	369291	145407	74156	78313	88493	123032	120452	62329	19831	11431	13858	29174	71812	62898	19654	8516	16557	13825	7680	9069	24185	44121	22059	6535	1940	775	88	27	0	18756	35738	7146	396	131	52	26	9	0	0	0	0	0	48349	117328046
moss_0.001_2x_17.hist	67192611	9709610	2267730	832061	461632	292842	359935	321525	129087	147675	112566	55514	28506	47068	58398	84504	74155	30896	4914	2674	4709	7708	36616	71198	30153	16750	3781	1216	404	201	58	16	17585	52755	16784	1048	300	162	31	0	0	0	0	0	0	0	0	0	0	55750	107310297
moss_0.001_1x_17.hist	57346568	9828461	1651318	711744	403333	254323	414893	352441	138772	70773	34265	16898	19981	32992	40934	59233	93954	108360	17238	9384	6086	1900	822	239	252	805	1915	5108	78345	39171	11605	3447	1377	157	49	2	0	0	0	0	0	0	0	0	0	0	0	0	0	61435	100314927
moss_0.0_4x_30.hist	52047602	7612997	1630572	681980	353900	219032	229780	205258	160190	81696	72600	82037	81048	44802	26521	38376	55065	22942	14535	35778	42438	13260	10290	20008	23257	12919	2916	938	22281	17813	5276	1566	711	2132	26042	1626	466	253	49	1123	15601	6393	3392	1271	210	69	30	9	2	23263	104530929
moss_0.01_8x_30.hist	66440160	5296464	1207776	475470	244375	153481	145122	129635	112084	57162	62743	58627	31625	52217	38953	15431	24476	32674	13177	9034	17064	17792	7709	4104	8770	15397	3475	1118	7310	9554	2829	839	7319	6535	2078	128	36	10880	3184	175	57	22	5605	4693	781	259	115	37	11	10411	102726046
moss_0.01_4x_17.hist	71837294	12336823	2221621	861128	477179	297190	221367	108760	98349	112510	131239	64723	24848	27466	34078	49312	70202	29250	4652	3650	6895	11287	53613	29416	1729	959	215	68	1731	24236	15261	4533	1812	208	65	3	0	17299	14781	820	272	110	57	20	2	0	0	0	0	28321	113930794
moss_0.0_2x_30.hist	49279895	10792012	1816869	780026	437198	274049	360890	177310	70465	80611	94029	106252	119280	65937	34119	10855	12379	16524	34788	77541	50296	15716	6809	1991	2454	7854	18693	49848	18719	9358	2771	822	328	36	10	0	10131	35912	7181	397	131	52	27	9	0	0	0	0	0	39266	111845495
moss_0.0_1x_17.hist	50830917	2044846	480734	206476	115870	72680	319866	187843	73962	37719	18262	11543	16047	26496	32874	47569	75454	37753	6005	3268	2119	1424	6763	13150	15687	8714	1966	632	209	103	13189	26377	10549	1216	385	23	5	2	0	0	0	0	0	0	0	0	0	0	0	35762	60349883
moss_0.01_2x_17.hist	71402022	12295069	2229383	848584	480192	302558	361553	259462	102162	52101	29546	33386	46416	76640	95090	48811	28137	11722	1864	2457	4640	7596	36080	70155	4125	2291	516	165	54	26	6	0	9708	29124	20069	1253	359	195	38	1	0	0	0	0	0	0	0	0	0	40208	113580595
moss_0.001_2x_30.hist	50931457	10865678	1817279	778733	434208	271394	291152	143046	86574	99040	115526	130544	63736	35232	21375	30930	49061	65494	24806	13504	8758	7592	36061	70118	4123	2289	516	165	2235	31290	21247	6312	2523	290	91	4	0	35386	9059	502	166	67	34	12	1	0	0	0	0	37398	112937829
moss_0.01_8x_17.hist	68969835	20952793	2792573	1181532	635073	388085	193089	172483	241155	122988	59547	67287	93548	54052	27969	30639	48599	64878	14127	7690	10278	16826	65508	19167	1126	624	140	44	32770	21304	6311	1874	748	85	26	9488	17838	9728	1944	107	34	13	6	1	9005	11665	5228	1741	579	3694	106048133
moss_0.001_1x_30.hist	51558028	10091654	1716456	736444	414118	260045	432306	212397	83630	42650	38371	43358	60280	99531	123492	48298	27841	11599	1949	4796	9059	14831	70448	72760	4279	2376	535	171	56	27	7	1	6753	20258	50065	3128	898	488	96	4	0	0	0	0	0	0	0	0	0	47247	107217150
moss_0.001_8x_30.hist	54536158	6208449	1435654	571868	296037	186084	199775	178455	121545	110556	83865	45964	63903	41534	51532	24377	38278	51099	10706	19516	36864	19084	10018	19479	18640	10354	2965	7906	17198	8598	2546	755	14573	8851	2815	174	49	13914	2781	153	3556	5528	2933	1241	5985	1994	892	296	97	13385	101920159
moss_0.001_8x_17.hist	63222080	24588781	4544841	1732715	970399	608002	466300	229099	228303	261177	126455	86682	120514	103748	53685	43198	68520	75256	11971	15995	30212	49460	48985	14332	3043	9737	23174	59675	19890	9944	2945	874	10417	31252	31060	1940	556	302	59	9969	25446	10428	5534	2074	344	113	50	15	4	36990	110862231
moss_0.01_4x_30.hist	65935582	5782082	1236165	509898	253014	158917	190256	147114	73171	83706	69577	34313	37859	62510	34099	15006	23801	31773	21638	11779	7640	5584	26525	11813	805	2576	6131	16349	5489	2743	811	240	16243	1872	594	3072	5885	3209	640	34	10	7887	4185	1568	260	85	37	11	2	14231	103584175
moss_0.0_8x_17.hist	61894171	25605153	5398229	1972226	1123622	710469	633965	444476	175011	148251	172930	195410	121842	67353	44341	64164	101776	87463	13913	7574	14305	23419	100965	29542	1736	3116	7416	19775	53979	26988	7995	2374	12670	38009	12092	754	216	116	36592	20147	6714	2750	1459	546	90	29	12	27638	14802	8880	116201611
moss_0.01_2x_30.hist	65039471	6926642	1287262	543405	290082	176441	113931	101773	153728	108554	52558	25919	29498	48706	60430	38258	22054	9188	6260	15409	29105	27237	11801	3452	235	753	1793	4780	23289	11643	3449	1023	408	46	13	0	6885	19884	3975	219	72	28	14	4	0	0	0	0	0	23201	105917794
moss_0.0_8x_30.hist	52874970	6497861	1498299	600120	309294	194887	200652	179239	138715	109572	92626	45680	61470	57324	29662	42703	47979	19990	25855	40091	26004	8125	15668	30465	12440	6910	5890	15708	13660	6829	2022	599	20649	7056	2244	139	39	12382	7797	432	3756	1538	815	9702	3430	1142	511	169	55	13878	102091463
moss_0.0_4x_17.hist	64768213	13881197	3143720	1154256	659374	417502	459001	410019	161444	82335	78149	88308	122774	125309	64843	20630	11892	10802	22740	55975	90334	28228	12231	3578	4467	14293	34018	10954	15725	42316	12537	3724	1488	170	53	2	7224	49920	9983	553	183	74	38	13	1	0	0	0	0	47344	117143392
moss_0.0_1x_30.hist	51724913	9027265	1947787	753216	427949	270207	381437	212385	83625	69769	81383	91961	127854	73720	38147	12136	6995	5482	11541	28409	53660	87849	39070	11431	671	372	83	25	7	2	0	0	65337	22652	7206	449	128	68	12	0	0	0	0	0	0	0	0	0	0	56077	106118470
moss_0.01_1x_17.hist	67577314	13620568	1839447	788232	443403	278495	412883	257376	101340	51682	25022	19168	26649	44000	54592	78997	101216	42172	6708	3651	2367	738	319	266	568	1816	4323	11528	57894	28946	8575	2547	1017	116	36	1	0	0	0	0	0	0	0	0	0	0	0	0	0	51187	117242068
moss_0.01_1x_30.hist	64156242	8365833	1295452	556568	312585	196157	327425	160868	63340	32302	27395	30955	43037	71060	88166	45508	26233	10929	1737	1455	2747	4497	21361	41534	12541	6966	1572	505	167	82	23	5	21950	21620	6878	428	122	65	12	0	0	0	0	0	0	0	0	0	0	33937	105970948
moss_0.0_2x_17.hist	66141375	11810071	2716289	998737	570712	361426	431129	385121	163005	83131	53952	60964	84758	139949	111468	35466	20444	8517	3260	8024	15155	24811	117852	56473	3320	1843	415	132	43	20	5	0	57765	39616	12604	786	225	121	23	0	0	0	0	0	0	0	0	0	0	67993	113611450
moss_0.06_8x_30.hist	96832087	1453170	287944	108566	54325	33738	23215	14968	16315	8320	6231	7040	5631	3112	3138	4541	3147	1310	2040	3252	2108	657	1551	3015	1376	763	863	2300	1206	602	1293	637	253	28	2426	541	154	83	15	1440	479	195	102	37	447	439	196	64	20	805	103537334
moss_0.06_1x_23.hist	96314953	1191318	224716	93927	48647	28927	17274	8486	4690	5364	6256	7069	9827	10284	5320	1691	974	404	129	318	600	982	4665	9070	889	493	110	34	10	4	0	0	0	0	8077	503	143	77	14	0	0	0	0	0	0	0	0	0	0	2288	101300563
moss_0.06_2x_20.hist	97656067	1491473	326758	116052	63381	39956	36404	24531	9658	4924	5052	5708	7935	7006	3624	1152	1260	1681	3538	5249	3403	1062	459	133	162	519	1235	3294	1097	3291	1668	494	196	21	5	0	0	0	2704	1359	452	184	96	35	4	0	0	0	0	1648	103262161
moss_0.06_2x_25.hist	97173854	1497095	309483	111918	61908	38516	22700	11152	9201	10525	12276	8304	3187	1760	2166	3133	4969	6633	1556	846	547	212	1007	1958	4184	2526	569	182	59	28	60	119	6410	738	234	13	2	0	0	0	0	0	2622	1075	178	58	25	7	1	204	103606922
moss_0.06_2x_23.hist	97077764	1405972	298037	110953	54463	33877	24187	21605	15272	7788	5139	5806	8071	4460	2307	1761	2792	3726	4262	2319	1503	468	293	569	1216	3890	4155	1337	444	221	64	18	6	0	5170	322	91	48	8	0	0	0	967	1003	166	54	23	6	1	1596	103001550
moss_0.06_4x_23.hist	96844503	1492021	297391	109746	59089	36149	18646	16655	11566	9140	10661	6946	2665	2697	3345	4840	4489	1869	547	1347	2544	4165	1803	526	202	645	1535	4094	1363	680	200	58	613	1839	1564	96	26	13	1	1203	815	333	175	64	9	114	1036	344	113	67	103006167
moss_0.06_1x_25.hist	97016944	1240674	237576	98762	50270	29502	10689	5333	8054	9213	10746	12142	8221	4543	2350	746	429	387	814	2004	3785	6197	3574	1044	60	32	6	1	0	0	2066	4131	2171	249	78	2172	623	339	66	2	0	0	0	0	0	0	0	0	0	2476	102147703
moss_0.06_1x_30.hist	97340722	1238933	256007	104688	50439	29788	9226	6506	9827	11241	13111	9853	3781	2089	1185	1714	2719	3628	6040	3287	2131	665	287	100	213	682	1623	4328	2571	1284	379	111	43	4	0	0	0	0	3540	944	313	127	66	24	3	0	0	0	0	2109	102463213
moss_0.06_8x_25.hist	96816337	1459342	292369	109762	55202	34227	27270	13397	15006	7652	8925	6820	3143	5189	4438	1852	2937	3920	1862	1189	2245	2781	1204	667	1426	3361	758	243	288	3152	933	276	202	606	2365	146	41	21	1238	556	184	74	38	735	412	136	60	19	5	916	103208098
moss_0.06_4x_25.hist	97057846	1488815	297540	110432	58714	35612	21504	19208	13985	7131	7738	8743	3355	3031	3759	5397	3110	1295	934	2298	4340	1355	586	859	1834	3624	817	262	86	42	3990	1184	472	53	16	0	932	2040	407	21	6	1	0	1466	362	119	52	16	4	831	103451429
moss_0.06_4x_30.hist	96947010	1429371	290964	107864	57456	34895	21286	19013	9954	11386	6526	4613	6413	5571	2882	1818	2883	3848	3194	1738	1126	479	2274	4421	764	423	140	373	3623	1810	535	158	62	6	1628	2017	578	314	61	2	0	199	1415	529	87	28	11	2	0	876	103528885
moss_0.06_1x_20.hist	98482844	1490993	337024	117609	61711	39514	19602	17509	26447	21390	10355	5106	1959	1082	558	628	996	1329	2797	6886	8047	2513	1088	317	19	60	143	382	126	62	17	4	9183	1549	491	29	7	3	0	0	0	0	0	0	0	0	0	0	0	3133	104048659
moss_0.06_4x_20.hist	97951516	1656520	315130	116918	62388	37936	16576	10118	15282	15581	7543	3719	3134	5175	6419	3978	2292	954	827	2036	3844	3627	1570	458	308	986	2346	2762	919	458	134	39	911	2734	869	53	14	6	2247	146	47	18	8	2	734	989	442	146	47	27	103482409
moss_0.06_2x_30.hist	96751296	1376236	267943	107071	48605	30854	26029	23251	9154	6516	7600	8587	7076	3911	2022	1989	3154	4209	963	2370	4476	1665	720	220	470	1504	3579	2249	748	373	109	31	290	870	4058	252	71	38	6	0	0	0	0	0	1836	818	365	120	39	22	103016640
moss_0.06_8x_23.hist	96677539	1482981	292946	110357	54956	34178	20060	17918	13871	7116	8300	8525	3272	3951	4902	1925	3053	3824	2179	1185	1559	2552	2036	595	749	2396	2424	779	258	128	2918	1067	425	48	14	2043	659	358	70	2	1209	494	261	97	15	4	493	362	119	587	102908836
moss_0.06_8x_20.hist	96746839	1562576	297548	113329	55391	34717	24163	12597	17357	8851	5652	6386	7192	3974	2128	3078	4349	1811	3341	1818	1178	1425	3735	1091	268	859	2044	2738	911	454	133	38	3123	794	251	14	3	343	2445	134	43	17	8	863	516	171	75	24	7	918	102668490
