sample	moss_0.06_1x_20	moss_0.06_1x_23	moss_0.06_1x_25	moss_0.06_1x_30	moss_0.06_2x_20	moss_0.06_2x_23	moss_0.06_2x_25	moss_0.06_2x_30	moss_0.06_4x_20	moss_0.06_4x_23	moss_0.06_4x_25	moss_0.06_4x_30	moss_0.06_8x_20	moss_0.06_8x_23	moss_0.06_8x_25	moss_0.06_8x_30	moss_0.0_1x_17	moss_0.0_1x_20	moss_0.0_1x_23	moss_0.0_1x_25	moss_0.0_1x_30	moss_0.0_2x_17	moss_0.0_2x_20	moss_0.0_2x_23	moss_0.0_2x_25	moss_0.0_2x_30	moss_0.0_4x_17	moss_0.0_4x_20	moss_0.0_4x_23	moss_0.0_4x_25	moss_0.0_4x_30	moss_0.0_8x_17	moss_0.0_8x_20	moss_0.0_8x_23	moss_0.0_8x_25	moss_0.0_8x_30
moss_0.06_1x_20	0.0	0.0	0.0	0.0	0.0	0.0	0.0	0.0	0.0	0.0	0.0	0.0	0.0	0.0	0.0	0.0	0.054874495224296986	0.057387380713046124	0.059002933330152	0.06027018025811357	0.0621357833116625	0.058385820590288316	0.06074915289553299	0.06228294095111967	0.06353611300151758	0.06509240297955998	0.05900149051351809	0.061108321369430146	0.06384009612164464	0.06389352874221683	0.06636876207930228	0.057417006594588496	0.05980512353607643	0.06223156756037665	0.06298213126278894	0.06504945739286397
moss_0.06_1x_23	0.0	0.0	0.0	0.0	0.0	0.0	0.0	0.0	0.0	0.0	0.0	0.0	0.0	0.0	0.0	0.0	0.05247518604928961	0.05482982259474863	0.05689450875047848	0.0583705827593278	0.059558266411188776	0.055196558445329384	0.057724955447803615	0.06024755308486316	0.06101915055581834	0.06259063768245891	0.056071411440740175	0.05856135527473852	0.06047697465765931	0.06122239557600843	0.06374708518437626	0.05374279146215468	0.05647281222229132	0.059255942976461216	0.0602181453781066	0.06275742888573063
moss_0.06_1x_25	0.0	0.0	0.0	0.0	0.0	0.0	0.0	0.0	0.0	0.0	0.0	0.0	0.0	0.0	0.0	0.0	0.05109123138075985	0.05429217807774466	0.055960888010401194	0.05751218653623634	0.0587723109262756	0.05411653447502319	0.056665986034219074	0.0590699127857056	0.05996024045467677	0.06136611471213808	0.05558424533953598	0.05786487031621096	0.05936963911572597	0.0603191967516607	0.062276787802467086	0.053196458952526754	0.056142376605007524	0.05825252997935137	0.05896925743307049	0.06158130702260463
moss_0.06_1x_30	0.0	0.0	0.0	0.0	0.0	0.0	0.0	0.0	0.0	0.0	0.0	0.0	0.0	0.0	0.0	0.0	0.04910874126469988	0.05222714859701197	0.05413555123165751	0.05537289927960308	0.05680075065574672	0.05227070675894108	0.054890699958738326	0.0568252826529319	0.05774222577311868	0.05896553428580089	0.05339073179635158	0.05547991752050328	0.057247008313403666	0.058241185409254825	0.0601806551162159	0.05182979725516613	0.05415209111052525	0.05612660864148528	0.057239435917115854	0.059448082818894535
moss_0.06_2x_20	0.0	0.0	0.0	0.0	0.0	0.0	0.0	0.0	0.0	0.0	0.0	0.0	0.0	0.0	0.0	0.0	0.051585141599940446	0.05348621268994418	0.05538061548789192	0.056318037304433424	0.058571740658441666	0.054688774198226285	0.05748300827740297	0.058811126160475756	0.05971741018368389	0.06092129122437618	0.05611698172659463	0.05825883655084396	0.0598041592991142	0.06053462030562149	0.062076090629970604	0.05460095087395429	0.05711896924767321	0.0589073099477661	0.05929278720254109	0.06184778587323822
moss_0.06_2x_23	0.0	0.0	0.0	0.0	0.0	0.0	0.0	0.0	0.0	0.0	0.0	0.0	0.0	0.0	0.0	0.0	0.050834751900291325	0.05278158510740474	0.05461772780503268	0.055694354787216974	0.05755167666519452	0.05388451656247229	0.05669819826473313	0.05787352630913307	0.05838736746714381	0.05976163114688727	0.05551312016230772	0.05733250279804012	0.058645458193029555	0.059737794040863476	0.06109593308813469	0.05387919089028552	0.05607960150666458	0.057704189551788534	0.05842375377104295	0.060677068533762826
moss_0.06_2x_25	0.0	0.0	0.0	0.0	0.0	0.0	0.0	0.0	0.0	0.0	0.0	0.0	0.0	0.0	0.0	0.0	0.05014621608871693	0.05193259163824113	0.053750240894551646	0.054828972524410366	0.05645940430667719	0.05298274387002619	0.05522511715826868	0.05663849368153513	0.057305665571676274	0.05865879343622422	0.05467016219550014	0.055941735697751356	0.05772605044251314	0.05828221160552134	0.05981620977686335	0.05258130621137475	0.05478342204398296	0.05679341597624128	0.057402915657883684	0.059479184955868694
moss_0.06_2x_30	0.0	0.0	0.0	0.0	0.0	0.0	0.0	0.0	0.0	0.0	0.0	0.0	0.0	0.0	0.0	0.0	0.04973657344256623	0.05219920242464455	0.05367152470011764	0.05468099183556361	0.056398544312181165	0.05265193029578916	0.05534165573261344	0.05643053973100171	0.05749034897587407	0.05877321209120107	0.05401113269894684	0.0561047556635796	0.05746213168370496	0.05817062384464602	0.059668142731937726	0.053026534012082446	0.055146592920452514	0.056788986946729424	0.057169015261768055	0.05915560671239813
moss_0.06_4x_20	0.0	0.0	0.0	0.0	0.0	0.0	0.0	0.0	0.0	0.0	0.0	0.0	0.0	0.0	0.0	0.0	0.05252826682471345	0.05590852500876364	0.05626566917736483	0.057689329303678816	0.059616913835711674	0.05607522743848615	0.058684553750590784	0.060029197712102196	0.060707831771487614	0.06211814727036901	0.05694894854437389	0.058702758520727705	0.06105858816926098	0.061798469416638184	0.0634386364593814	0.055670894016562576	0.057646491888348445	0.05993174269302872	0.06066060474890222	0.06315994942509176
moss_0.06_4x_23	0.0	0.0	0.0	0.0	0.0	0.0	0.0	0.0	0.0	0.0	0.0	0.0	0.0	0.0	0.0	0.0	0.05235517867831163	0.05432500649402894	0.0556972462278055	0.05661088861199699	0.058476700281786906	0.05539405711949993	0.057452273226622996	0.05900886887671138	0.05961542527579482	0.060941665289590836	0.056586717849228606	0.058344457271296384	0.060120937321683256	0.060756849547818986	0.06218627175843931	0.055544801817242584	0.0573547131647457	0.05903868224847448	0.05983349885381319	0.06197046732033541
moss_0.06_4x_25	0.0	0.0	0.0	0.0	0.0	0.0	0.0	0.0	0.0	0.0	0.0	0.0	0.0	0.0	0.0	0.0	0.05171351400872185	0.05398096359849764	0.055228644343279266	0.05637350438575582	0.057949183367584395	0.05484529803796026	0.05725871181551984	0.05864695694518225	0.059225406650587585	0.060642219518793415	0.05644026848832271	0.05805742818832202	0.059684687201565	0.06014871127941052	0.061744970843901494	0.05509939840137809	0.05698655584766001	0.05877749713243059	0.05945850904424044	0.061381243652537186
moss_0.06_4x_30	0.0	0.0	0.0	0.0	0.0	0.0	0.0	0.0	0.0	0.0	0.0	0.0	0.0	0.0	0.0	0.0	0.05118644898345724	0.05289007861463707	0.05446382026315489	0.055640088473637286	0.057296238817131154	0.054211362587033206	0.05648837675443915	0.05785071449105358	0.058473466839578596	0.059683889855466445	0.0558835849390294	0.057463227800845146	0.058725350794839586	0.05931592562708397	0.06097333383763417	0.05460327755509791	0.05669970416808049	0.05838172595574095	0.05870774994891991	0.06058952353647108
moss_0.06_8x_20	0.0	0.0	0.0	0.0	0.0	0.0	0.0	0.0	0.0	0.0	0.0	0.0	0.0	0.0	0.0	0.0	0.05382247416573116	0.05723761776108825	0.05856159448617024	0.059501243947333485	0.06161312830209808	0.057156851778754944	0.05963140347384302	0.06229099769385668	0.06265907794603055	0.06476094558100963	0.05854971841399273	0.06017436264686888	0.062431653402692334	0.06384519718336916	0.06571963485661332	0.05836963157660963	0.05939003685390014	0.061356008830314356	0.062494716672655486	0.0648501617436438
moss_0.06_8x_23	0.0	0.0	0.0	0.0	0.0	0.0	0.0	0.0	0.0	0.0	0.0	0.0	0.0	0.0	0.0	0.0	0.05428118823387767	0.05681831037455897	0.05753857940515228	0.05900332615314404	0.06080161196982713	0.05776726389969792	0.05989608954175548	0.0615884238259474	0.06213057777872027	0.06346500195352978	0.058676626646002934	0.060798855598790516	0.06247120275109854	0.06307569908186605	0.06491457508613148	0.05807084522785458	0.05938174291687035	0.06135809204647083	0.06206886011614356	0.06449181957903
moss_0.06_8x_25	0.0	0.0	0.0	0.0	0.0	0.0	0.0	0.0	0.0	0.0	0.0	0.0	0.0	0.0	0.0	0.0	0.05379580925193561	0.05617876176887969	0.057079592006017435	0.058205598954038616	0.060137896176206546	0.05696867777853814	0.05920665317913291	0.060470146811863565	0.06126401584018315	0.062478768219013645	0.058129389476185386	0.060095046576052545	0.061828115189927	0.062227078007892844	0.06382882175308556	0.05751860613035102	0.05899927860524997	0.06084531478003221	0.061473747769958106	0.06356421303836896
moss_0.06_8x_30	0.0	0.0	0.0	0.0	0.0	0.0	0.0	0.0	0.0	0.0	0.0	0.0	0.0	0.0	0.0	0.0	0.053067641851337624	0.05512230859586052	0.05624949799032684	0.057245991236470284	0.05883760749855681	0.05624342888547506	0.05860938436858713	0.05984740767712965	0.060353954632569096	0.061524911985038955	0.0578217150462955	0.059560525065644784	0.06083400424287928	0.061380402828690075	0.0629314242583953	0.0569152174261007	0.05865405164592775	0.060228693858585244	0.060638460576227064	0.0625386110796471
moss_0.0_1x_17	0.059151028256914005	0.06051898158935066	0.060172755593529144	0.05796164729517193	0.05491350561732261	0.05622952876034944	0.05644452304627396	0.05715001250022578	0.05685216298505143	0.05833275105822823	0.05840003262529269	0.05888945055606975	0.05724436934204296	0.05917497092592236	0.0594832274219247	0.06008198204065882	0.0	0.002114136188741322	0.0019113864592662662	0.002078534010274691	0.0021282402711806712	0.003377781035210394	0.0025545050110701403	0.0021762103237080335	0.0020710507122561534	0.002255355789547859	0.003125653411654191	0.002609090552248157	0.002430991979767721	0.002476771103544639	0.0023257034292619057	0.001941030478438848	0.0028057797096132826	0.0027464389559032887	0.0024118502417401918	0.0023764844627093217
moss_0.0_1x_20	0.05781141563875117	0.0589591677405785	0.05950746293518021	0.05730491951608538	0.05311726420483528	0.05449573694015207	0.05455426772118643	0.055947422791485964	0.056462688479036995	0.05655634988984071	0.05696779934993567	0.05687233724911511	0.056610311856354116	0.057802081096229536	0.05803386167054631	0.058363486744441986	0.0019002602069771244	0.0	0.00046807378744289507	0.000802213495461142	0.000693865786882618	0.0019340805905031216	0.0007180719739809145	0.000666597558800383	0.0007666182687864831	0.0005168474864186911	0.00147529957700613	0.0009376353844386112	0.0005795399039972778	0.0006786988032437539	0.000556992653863254	0.0008986872257208849	0.001289285788942355	0.0010359031703271668	0.0005683049533156109	0.0005750239524261615
moss_0.0_1x_23	0.05710922228214145	0.05873712188489872	0.058869717445378056	0.05697559615109812	0.052734916348746524	0.05411081287899728	0.054182724384143066	0.05521421541679976	0.05444004333027572	0.055640547780390126	0.055951615568365046	0.05623261701764585	0.055315425120988235	0.05606603681170171	0.056547712925163175	0.05718543204134049	0.0016029797711912457	0.00043849688544357883	0.0	0.0	0.0	0.0015013267951246713	0.0	0.0	0.0	0.0	0.0006453213692586045	0.0	0.0	0.0	0.0	0.0	0.0	0.0	0.0	0.0
moss_0.0_1x_25	0.05729559837589735	0.05917359722655002	0.059397288853785556	0.05720612057297353	0.05260397435120975	0.054152277253681394	0.05424742630704756	0.05521769111285009	0.0547393719703492	0.055492017721895326	0.05605404466049875	0.05639334104801066	0.05501105137767578	0.05637223062870338	0.056563948496512605	0.05712292039452195	0.0016867259644495506	0.0007295673713014457	0.0	0.0	0.0	0.0014046936576230806	0.0	0.0	0.0	0.0	0.0006683409564133897	0.0	0.0	0.0	0.0	0.0	0.0	0.0	0.0	0.0
moss_0.0_1x_30	0.05780321743003842	0.059075017748818896	0.05938215589956633	0.057394704059970034	0.053463665756802226	0.0547033502545252	0.0546114980218611	0.055687672036231636	0.05523451887709001	0.05601649975761916	0.056323429752505684	0.056780784356884516	0.055505507119740456	0.056699231913112075	0.057086040592303496	0.05738975774793556	0.001655053484517682	0.0006078351105634047	0.0	0.0	0.0	0.0017423901652605183	0.0	0.0	0.0	0.0	0.0009532015032480807	0.0004297458262321286	0.0	0.0	0.0	0.0	0.0005311581332836895	0.0	0.0	0.0
moss_0.0_2x_17	0.05946758445515136	0.060175921731942236	0.06022932881595747	0.05824827905315356	0.05494542971670475	0.05625764207073426	0.05629225219735395	0.05711031080149514	0.0573970147559394	0.058363989976525886	0.05855925715057362	0.058963830851877286	0.05765785314334329	0.059660770132705404	0.059645393292133975	0.0602613691161116	0.0031764379288735213	0.002015452164608649	0.0016738079874884155	0.001618214134485997	0.0020889701571760776	0.0	0.002260146242960622	0.0018892267025600886	0.0017184985787521818	0.00152031573679438	0.0027834043797153618	0.0023180559549270834	0.0021986846541148155	0.001887364587569189	0.0019120173735166402	0.002037795656757676	0.0022474243820033765	0.0023478594948116837	0.002104858446408837	0.0018696116233202138
moss_0.0_2x_20	0.05848177729645501	0.05929832341369445	0.0593434772777823	0.05750867864221834	0.05452673483646771	0.05588463447549842	0.055366515957315586	0.05661195926332528	0.056695545491705746	0.05718291179705133	0.057757531908024545	0.058033188786775214	0.05656603717978388	0.05836999218201745	0.05854851188258298	0.05935625509812214	0.002197662445720372	0.00068384628328462	0.0	0.0	0.0	0.0020696050864261995	0.0	0.0005044643789757024	0.00045715816132888394	0.0	0.0013881691772029384	0.0007088318017041496	0.0006593282549627042	0.000532722924675143	0.0005013458663983034	0.0007305965319549442	0.0008503972943926757	0.0006681672924072217	0.0005784698927005814	0.0
moss_0.0_2x_23	0.057675945066808385	0.059487600749529516	0.05942352799284857	0.057166300533173134	0.053550184266306304	0.054803165663888875	0.05455596984073858	0.05546966552655257	0.0556243509139502	0.05641544191092086	0.05684910858881396	0.05713149238091026	0.05649499254375574	0.05754664427132421	0.05739538826424193	0.058253311928832104	0.001743335309513025	0.0005943972475760245	0.0	0.0	0.0	0.0016128317029642492	0.0004726532986214458	0.0	0.0	0.0	0.0010184108305276143	0.0004544572085385037	0.0	0.0	0.0	0.0005550853220693602	0.0005199606712260892	0.0	0.0	0.0
moss_0.0_2x_25	0.057739440229165426	0.05911687994448597	0.05917710118671113	0.05697735269087352	0.05327997106113741	0.05420228884902959	0.05412370058443912	0.055425273326452675	0.05508127136929807	0.055861325334218746	0.05628623521597211	0.05663462273541641	0.05550424627054758	0.056823813620887745	0.05696647519717067	0.0575975142646511	0.0015956540225708436	0.0006611180114560941	0.0	0.0	0.0	0.0014118900070606338	0.0004142027745575456	0.0	0.0	0.0	0.0007098305704012194	0.0	0.0	0.0	0.0	0.0	0.0004131151651593322	0.0	0.0	0.0
moss_0.0_2x_30	0.0576444557830312	0.0591090033303212	0.05902846262398938	0.05669390109601698	0.0528350171957325	0.053991812548679734	0.053933110281120765	0.05518052249206295	0.054741541024689803	0.055544108014946844	0.056089702793475534	0.056285800839911554	0.05556405241527928	0.05634805181279481	0.05645978549951417	0.057137816239283726	0.0016414010737225676	0.0004246086216830618	0.0	0.0	0.0	0.0011791427205460649	0.0	0.0	0.0	0.0	0.0005392797643377558	0.0	0.0	0.0	0.0	0.0	0.0	0.0	0.0	0.0
moss_0.0_4x_17	0.05926560078649589	0.06041273314662714	0.06116309652224232	0.058832211849562076	0.05545316916899672	0.05702740154105063	0.05717044651485409	0.05770105944752374	0.05732925431120868	0.05864110722860474	0.05927705970712308	0.05981033279763216	0.058208545000849675	0.059634043812571466	0.059871780991403833	0.060942989024369565	0.002940205071273471	0.0015336569954319445	0.0007188113868791119	0.0007695558683010654	0.0011440503989087593	0.002766972231624692	0.0015065466233349894	0.0011874334960783525	0.0008619066594322065	0.000695784706396882	0.0	0.0012169134353428941	0.001003434898450828	0.0008549054715600095	0.0008896341876991972	0.001463737689296494	0.0011863259792120379	0.0012120389665719556	0.0012582694741292526	0.0009353974419005951
moss_0.0_4x_20	0.05869753144755468	0.06006781012085397	0.06052599766615415	0.05806568779602824	0.055118786226390125	0.05633512996676171	0.05591101276303407	0.057216929698319034	0.056583794722669736	0.05789727454202748	0.05837386359176945	0.05883448698533691	0.057148114033398874	0.0591679024654256	0.05929052595434748	0.060129715384312776	0.00229307945362443	0.0009057847924918958	0.0	0.0	0.0004715458605270846	0.0021539694118387458	0.0007159310678429176	0.0004893786577135985	0.0	0.0	0.0011384235472811073	0.0	0.0	0.0	0.0	0.000704265383899147	0.000553654419444313	0.0006113418627990264	0.0	0.0
moss_0.0_4x_23	0.05900028623946504	0.05955437224799189	0.05956899657952235	0.057437851535803386	0.05436959013398	0.05538790387706098	0.055443534885507205	0.056303805415746824	0.0565312677479928	0.05735654250562047	0.05770491083380811	0.05781678668010603	0.056735647388525504	0.058358060350181255	0.058617890771904754	0.059068936658094366	0.0019921418841368816	0.0005234952994495934	0.0	0.0	0.0	0.0019080830024292043	0.0006234295177046013	0.0	0.0	0.0	0.0008749593867200267	0.0	0.0	0.0	0.0	0.000576251235534899	0.0004424177947763651	0.0	0.0	0.0
moss_0.0_4x_25	0.05776124086346238	0.05897408369880237	0.059188824692197044	0.05713509861837719	0.053775551089121465	0.05517344332387938	0.054738175229664496	0.05574598611386381	0.05587538678927128	0.05666270839659351	0.05686540050023783	0.05712247364224134	0.05653168007233159	0.0575165618298218	0.057634894226299825	0.05828326427894192	0.0019418295522773757	0.0005894528915774015	0.0	0.0	0.0	0.001567702666771566	0.0004845283590837037	0.0	0.0	0.0	0.0007121717147728475	0.0	0.0	0.0	0.0	0.00044956303599395347	0.0	0.0	0.0	0.0
moss_0.0_4x_30	0.057851378327455294	0.05922588531604573	0.05892196862177023	0.05690699733379434	0.05297561715610206	0.05429737266343245	0.05408513759252917	0.05507985996480054	0.055034743435274716	0.055767417777741565	0.05617911299032806	0.05655561644613319	0.05555702810959474	0.05676213595078519	0.05678039247072261	0.057507714697852895	0.001673330562099136	0.0004506421526045801	0.0	0.0	0.0	0.0014618430990230773	0.0004250644337444772	0.0	0.0	0.0	0.0006786384392387518	0.0	0.0	0.0	0.0	0.0	0.0	0.0	0.0	0.0
moss_0.0_8x_17	0.05890388279405623	0.05963646692634853	0.060448602745926804	0.058976334373131226	0.054730918471157505	0.05632146451960365	0.05607414947405419	0.05786303681241368	0.05669535281679846	0.05835568371447826	0.05875397986332121	0.059463091338745236	0.05864537481125797	0.05965353593216562	0.0599353152844974	0.06083118788205737	0.0019077207619373972	0.00098365861466645	0.0	0.0	0.0	0.0021011918567394117	0.0008300569159390911	0.000684553101810602	0.0	0.0	0.0015089677814892094	0.000780762384624427	0.0006924922969147972	0.0005699434822554165	0.0	0.0	0.0007992963775515884	0.0006899557105398174	0.00048814713283465135	0.0
moss_0.0_8x_20	0.05937571028135026	0.06018808875631289	0.06111996542919027	0.05902166766601062	0.055689431413157055	0.056860784375647455	0.05656364597140443	0.058160038746896243	0.057222077478570624	0.05862671268519291	0.05904988477336124	0.059883824946053904	0.05822316255799994	0.05950837456883796	0.059926028802092454	0.06098465477071252	0.0026217254772458775	0.0013273601898579257	0.0	0.0	0.0006299384601383388	0.0022100868362252774	0.0009117945106708034	0.0005984198783074292	0.0004944142714349095	0.0	0.0011722526464003659	0.000584478440235672	0.0005007432670980321	0.0	0.0	0.0007670615092516091	0.0	0.0005596315793023709	0.0005183903518351269	0.0
moss_0.0_8x_23	0.05946528732864395	0.06045628740075741	0.06061070911217711	0.05842587350684457	0.05541415169160314	0.056368613226343546	0.05642793183489952	0.057572972420177955	0.05743974030817907	0.058237528564620875	0.05874393417176544	0.05941357451052449	0.05797302263407977	0.0593686908138508	0.05967951358518851	0.06044118270511442	0.002411509701839052	0.0009972553671319148	0.0	0.0	0.0	0.0021741542752630174	0.0006713893693330583	0.0	0.0	0.0	0.001129679754703933	0.0006082400568844905	0.0	0.0	0.0	0.0006209981751681826	0.0005281456185842013	0.0	0.0	0.0
moss_0.0_8x_25	0.05853897219617723	0.05966169361800548	0.059537675992452695	0.05779363030391462	0.05423080670253863	0.05550177060457248	0.05545248182528859	0.056339448012277075	0.05651771471921113	0.0574168706684895	0.05781536447666913	0.05812473922126698	0.05725417771180895	0.058362414723366875	0.05863929804005037	0.0592160995251555	0.0020141244813676826	0.0005212759981391949	0.0	0.0	0.0	0.0018566455925077498	0.0005544299217847324	0.0	0.0	0.0	0.0011163790298019077	0.0	0.0	0.0	0.0	0.0004147769869474042	0.0004657371012668844	0.0	0.0	0.0
moss_0.0_8x_30	0.05732399071028996	0.05893761165966138	0.05889927695561702	0.056830725583516345	0.05346785649089299	0.05457067961193235	0.054410989660535224	0.055226445830058715	0.055535623183590566	0.05626469950501384	0.05651591632099776	0.05684676955341837	0.05567255294577425	0.05717118629530206	0.057283119775491415	0.057833842119406585	0.0017707037780086887	0.0004777357431593669	0.0	0.0	0.0	0.0014759827017667242	0.0	0.0	0.0	0.0	0.0007386507745013333	0.0	0.0	0.0	0.0	0.0	0.0	0.0	0.0	0.0
