sample	r1	r2	r3	r4	r5	r6	r7	r8	r9	r10	r11	r12	r13	r14	r15	r16	r17	r18	r19	r20	r21	r22	r23	r24	r25	r26	r27	r28	r29	r30	r31	r32	r33	r34	r35	r36	r37	r38	r39	r40	r41	r42	r43	r44	r45	r46	r47	r48	r49	r50
rotifer_0.01_8x_25.hist	90329149	2121398	412270	159752	79603	49838	36986	33038	26369	13562	15819	11273	9752	5390	5774	7079	4080	2126	3528	3742	2426	757	3087	2275	163	521	1239	2599	865	431	126	36	2316	954	302	17	4	2024	403	21	6	1	527	1252	207	68	29	8	270	958
rotifer_0.01_4x_novaseq_profR.hist	90151030	2291841	399118	162701	77539	48434	45609	40741	18953	14963	17453	13802	5298	5091	6315	8562	4934	2055	1062	2613	4936	1541	2211	1609	199	637	1516	2794	930	464	136	39	843	2381	756	46	12	5	917	1604	533	217	114	41	5	0	0	260	1373	823
rotifer_0.0_4x_25.hist	85416562	3385776	590186	241056	115666	73047	79752	45683	26450	30257	27139	13383	18178	10048	5198	6285	9968	12750	2027	1102	1797	2941	11290	3302	193	106	23	6	5796	3794	1123	332	132	14	3	1433	2407	1312	261	13	1667	682	361	134	21	6	22	2315	770	461
rotifer_0.0_4x_HiSeq2500L150R.hist	88267697	3670292	681243	261052	140134	85560	50037	44696	54350	27717	13419	14947	20780	16895	8741	3238	5135	6855	10576	5757	3733	1165	1109	2156	4607	6074	1370	440	145	71	20	5	7770	996	315	18	4	1	0	0	3642	1491	790	295	48	15	5	0	0	3153
rotifer_0.01_8x_HiSeq2500L150R.hist	90540671	2259423	421375	167092	79953	50430	55327	33425	18143	20755	16638	8204	6952	11478	5981	2926	4640	6141	976	1460	2757	3895	1687	578	1234	2561	577	184	193	2704	1670	495	197	21	5	2025	838	456	90	4	0	793	685	658	108	35	14	3	0	1487
rotifer_0.0_8x_MiSeqv3L250R.hist	85541924	3083456	612644	237679	118731	74621	70709	39589	37065	33549	16242	14417	20043	11078	5732	6242	9900	4937	3950	6690	4339	1354	5442	2296	649	2076	3988	1283	426	212	2530	2751	1099	125	39	1	2235	2166	432	23	6	406	2005	751	124	40	17	4	0	2980
rotifer_0.001_2x_23.hist	86216106	3057841	558590	228397	110003	68108	52917	47269	52209	26626	12890	10703	14880	21387	11066	3520	2028	2291	4823	9700	6290	1964	850	464	991	3173	7550	2430	809	403	118	34	12	0	1988	3109	893	486	2687	148	48	18	9	2	0	0	0	0	0	5393
rotifer_0.0_1x_25.hist	85190657	3463049	683968	253301	141651	88680	89524	43983	18878	21595	25189	13926	19360	26812	13873	4413	2543	1058	483	1190	2247	3678	17469	5110	299	165	36	10	2	0	0	0	2232	6696	5642	351	100	53	9	0	0	0	0	0	0	0	0	0	0	7663
rotifer_0.0_4x_20.hist	86710227	3612878	646523	252727	134135	81257	56398	50378	50050	25524	13631	15402	21413	14248	7372	5109	8103	10816	3618	1968	3472	5684	5136	1502	281	900	2141	5710	1902	950	280	82	304	913	4970	309	88	47	8	0	2340	1818	964	360	59	18	7	1	0	3487
rotifer_0.001_8x_HiSeq2500L150R.hist	86396098	3250750	596906	238569	115407	72798	79348	38984	31484	36017	20966	10339	11920	17213	8906	3787	6007	8018	6423	3496	2266	1786	7326	2142	703	687	1634	4357	1519	758	223	65	3387	1914	608	37	9	4	3112	1194	397	161	84	30	4	1352	662	219	72	1528
rotifer_0.01_2x_HiSeq2500L150R.hist	92526009	2301772	495307	178099	99341	62511	64781	47377	18653	9512	8777	9917	13787	14695	7603	2418	1393	890	1873	4610	8708	2720	1177	343	19	9	1	0	2092	3757	1112	329	130	14	3	0	1346	3034	605	32	9	3	0	0	0	0	0	0	0	3213
rotifer_0.01_4x_HiSeq2500L150R.hist	92851351	2389503	480584	176674	98037	61107	51651	25376	18277	20908	22664	11176	4290	4866	6036	8734	7953	3312	526	1156	2184	3574	4720	1380	80	43	8	1	315	4410	2447	726	289	32	9	0	0	2006	1569	86	27	10	4	0	0	0	1094	1248	415	248
rotifer_0.01_2x_25.hist	90281403	1948254	385186	155865	72323	45787	46996	41980	18781	11713	13662	15437	12013	6640	3435	2007	3183	4248	7491	4077	2644	825	356	187	399	1277	3039	2966	987	492	145	42	15	0	0	603	3251	1772	353	18	5	1	0	0	0	0	0	0	800	2459
rotifer_0.0_8x_23.hist	85381206	3091813	614822	237334	120530	75377	50357	44982	44387	22636	26404	15258	9507	15696	8516	8226	8415	3505	3244	7985	5178	1617	2414	4694	1908	1059	1452	3550	1182	590	874	1747	2003	230	72	1970	1688	920	183	9	2	1807	1355	507	83	26	11	2	1468	1151
rotifer_0.0_1x_20.hist	85748179	3725731	508093	217734	121412	75886	120765	59333	23361	11913	6929	7829	10884	17970	22295	15770	9090	3786	601	720	1360	2226	10574	4582	268	148	32	9	2	0	4739	8909	3562	410	129	7	1	0	0	0	0	0	0	0	0	0	0	0	0	8736
rotifer_0.01_1x_25.hist	90361261	1909156	399284	160718	73133	44917	20835	18610	28110	32157	25448	12549	4817	2661	1964	2841	4506	6015	6941	3777	2449	764	330	168	358	1146	2726	3985	1327	662	195	57	21	1	0	0	0	4253	849	46	14	4	1	0	0	0	0	0	0	3568
rotifer_0.01_4x_25.hist	90325556	2163066	408991	160736	78634	49223	41525	37093	20425	18152	18401	9074	4636	7654	9495	6318	3641	1516	1895	4663	4320	1349	583	483	1032	3301	1808	581	192	95	1263	2206	881	100	31	0	0	471	3252	179	58	23	11	3	0	0	410	1440	479	286
rotifer_0.01_1x_HiSeq2500L150R.hist	90007701	2926777	363375	154133	86763	54514	74095	64001	25199	12850	6221	3067	2559	4225	5241	7584	12029	13239	2105	1145	741	230	99	27	0	0	0	0	0	0	8525	4324	1728	198	62	2	0	0	0	0	0	0	0	0	0	0	0	0	0	4847
rotifer_0.001_2x_25.hist	86172171	3235133	623849	234231	130348	81379	79550	39083	21215	24269	28309	21513	8258	5333	6616	9573	15184	8715	1385	775	1463	2394	11373	3326	194	107	23	6	87	1226	7997	2375	949	108	33	1	0	0	1461	2449	815	333	175	64	9	2	0	0	0	4553
rotifer_0.001_1x_novaseq_profR.hist	86741890	2997874	597341	235728	112261	71217	67278	60098	51642	26336	12750	6287	4913	8112	10064	14562	21750	9061	1440	783	507	157	618	1201	2567	8213	4365	1404	467	232	67	19	6	0	8936	557	159	85	16	0	0	0	0	0	0	0	0	0	0	7657
rotifer_0.01_2x_MiSeqv3L250R.hist	90625128	1996818	397343	158735	74106	46943	46602	41628	27121	13830	6695	7564	10516	15488	8013	2548	1784	2380	5011	4475	2902	905	391	125	267	854	2032	5418	1896	947	279	82	31	2	0	0	0	0	3104	1209	402	163	85	31	4	0	0	0	0	2596
rotifer_0.001_1x_23.hist	87227614	3260206	646776	243571	130306	79375	44942	40145	60639	44223	21411	10558	4052	3409	4229	6118	9704	12954	14476	7880	5110	1596	690	201	10	5	0	0	0	0	10315	5840	2335	268	84	4	0	0	0	0	0	0	0	0	0	0	0	0	0	8179
rotifer_0.0_8x_novaseq_profR.hist	85285200	3137901	606568	237410	117881	74056	66830	32833	48559	24764	18612	21031	8884	11672	14481	4606	5245	7001	7101	3865	2574	4213	6126	1791	478	1531	3643	1579	525	855	3116	924	368	41	2139	1982	568	309	60	1587	844	345	182	1317	621	206	91	29	8	2247
rotifer_0.0_2x_novaseq_profR.hist	85324032	3425251	636026	242467	132668	82003	53463	26266	29622	33887	37241	18365	7050	4401	5459	7899	12529	15669	2491	1355	878	824	3915	7612	3082	1711	385	123	40	19	7356	2184	872	99	30	0	0	0	0	3724	1441	589	312	116	18	5	1	0	0	4517
rotifer_0.01_8x_MiSeqv3L250R.hist	90392894	2102064	415739	160631	80054	50128	42632	25889	30841	15728	10937	12358	10921	6036	4045	5853	7035	2930	962	2368	4472	1396	1268	2464	424	1356	2904	934	310	154	773	1545	1753	201	63	2	1299	876	174	418	669	273	144	53	7	1	962	611	202	120
rotifer_0.001_2x_HiSeq2500L150R.hist	88550233	3487634	709622	257267	145203	91685	85852	76689	34785	17739	8588	8688	12079	19943	24743	8238	4748	1977	1129	2779	5249	1639	1779	3458	7390	7577	1710	549	182	90	25	6	1	0	0	5589	2726	1486	296	15	4	0	0	0	0	0	0	0	0	6073
rotifer_0.01_8x_23.hist	90327230	2086683	418120	160299	81245	50555	40056	34110	19054	21797	14439	7246	10073	9460	4894	5896	4976	2072	2624	3809	2470	770	3539	1034	446	1428	2738	880	292	145	1962	1342	536	60	468	1295	371	201	772	41	12	4	1433	730	120	39	16	4	0	1268
rotifer_0.0_1x_HiSeq2500L150R.hist	85731017	3579345	593766	230033	130307	82149	98708	88174	44989	22943	11107	5477	3774	6231	7730	11185	17742	23684	5939	3232	2096	654	282	81	3	1	0	0	413	5785	9380	2786	1113	127	39	1	0	0	0	0	0	0	0	0	0	0	0	0	0	9743
rotifer_0.01_1x_MiSeqv3L250R.hist	89490088	2053637	315089	134771	74753	46583	86416	42456	16716	8524	4126	3003	4174	6891	8549	12370	13917	5797	921	500	323	100	42	19	41	132	314	836	5743	2870	849	251	902	2706	860	52	14	6	0	0	0	0	0	0	0	0	0	0	0	4770
rotifer_0.001_8x_25.hist	86037973	2931167	593922	227460	117144	72669	59866	53476	28565	29347	22531	11688	16249	10942	6124	8861	6515	7052	2303	5669	5194	1622	1957	3804	3353	1862	419	1043	3449	1723	509	150	1822	2289	727	44	11	683	3207	177	58	22	11	1445	884	293	130	42	13	1738
rotifer_0.01_1x_20.hist	90360247	3152663	386238	163513	91451	57255	81459	50240	19781	10087	4883	3667	5098	8417	10443	14493	8354	3479	552	299	193	59	87	168	358	1147	2729	7276	2424	1211	357	105	41	3	0	0	1748	1085	216	11	2	0	0	0	0	0	0	0	0	5257
rotifer_0.01_4x_23.hist	90772241	2258143	431666	164837	87763	53282	40819	36462	30893	15754	8558	9670	12578	6952	3596	5203	8252	4043	642	932	1760	2881	5222	1527	88	258	613	1635	2553	1275	376	111	43	4	1192	1861	534	290	57	2	1304	533	282	104	16	4	1	0	0	2262
rotifer_0.01_8x_novaseq_profR.hist	90420462	2074987	412412	159162	79945	49988	37107	32284	27854	14204	12781	14441	5543	8919	7035	3304	5241	5424	862	1999	3776	2596	1124	485	1035	3312	928	297	1165	1447	427	126	562	1685	1105	68	18	9	1589	476	157	63	32	1097	305	100	44	13	3	1333
rotifer_0.0_8x_HiSeq2500L150R.hist	85769968	3443153	616151	249432	119478	75428	81798	49981	24380	27890	31590	15578	8437	13931	7684	7848	12448	5185	1499	3690	6970	5201	2252	658	1114	3563	3944	1269	422	210	1414	2828	3063	352	111	5	0	2269	2620	144	47	18	8	2	1851	803	359	118	38	1428
rotifer_0.0_2x_HiSeq2500L150R.hist	87505498	3520206	678694	257431	131703	83249	82778	73944	38377	19571	9475	8739	12149	20060	24853	7906	4557	1897	432	1064	2009	3289	15624	4570	267	147	32	9	2	0	7831	2874	1148	131	40	1	0	0	0	3191	2387	977	517	193	31	9	3	0	0	4068
rotifer_0.0_4x_novaseq_profR.hist	85400718	3213298	607930	239450	117583	74190	82337	50257	23573	26967	24610	20303	11647	6437	7986	11555	11538	4806	1042	2565	4845	7931	4702	1375	152	487	1159	3090	4664	2331	689	203	80	8	1	3441	2073	1129	224	11	2	0	340	3044	506	167	74	23	6	1614
rotifer_0.01_2x_novaseq_profR.hist	90576365	2078565	439095	160964	89537	55885	55078	27059	15636	17887	20864	10288	3949	4886	6061	8770	7698	3206	509	276	498	815	3872	7528	441	244	54	16	4	1	0	0	6084	1298	412	24	6	2	0	1046	887	362	191	70	10	2	0	0	0	2394
rotifer_0.001_8x_MiSeqv3L250R.hist	86038606	3037341	583285	229831	112298	70846	79263	38942	28953	33122	21580	11525	16022	11948	6181	6124	9714	9302	1478	2242	4234	6396	2770	809	1092	3494	2531	814	270	2540	2107	625	249	27	2026	2454	704	383	75	3	1776	1150	609	227	36	11	4	1483	643	384
rotifer_0.01_8x_20.hist	90436252	2186677	420957	163955	80455	50583	51434	25269	30947	15782	12732	12577	5109	8434	10396	3306	3088	4122	4420	2405	1559	2170	2447	715	936	2996	1492	479	158	78	2854	847	337	37	11	1165	375	1710	341	17	4	1	1235	462	76	24	9	2	0	1644
rotifer_0.0_8x_20.hist	85759154	3205321	617753	242396	119615	75301	72123	41895	44364	22625	21358	22970	8818	10455	12971	7338	4229	5645	9188	5001	3243	1012	2798	5440	2251	1250	2617	2504	833	415	1929	572	2359	2182	693	42	11	5	1542	2771	922	377	199	73	11	2	0	1907	825	494
rotifer_0.001_4x_25.hist	86113503	3132615	585064	233770	112000	70810	73608	56172	22116	20648	24085	27215	10970	6063	5860	8479	11755	4897	1494	3677	6945	5014	2172	634	1339	4285	1529	491	3016	1507	445	131	51	153	6081	379	107	57	10	0	1013	1846	979	366	60	19	7	1	0	2821
rotifer_0.0_4x_MiSeqv3L250R.hist	85778521	3364043	615058	247545	118024	74693	74976	60990	25865	29589	23234	11457	11922	19684	11270	3585	3184	4250	8947	8307	5387	1682	728	1017	2172	6951	1568	504	2471	1234	364	107	41	3	6476	801	229	124	23	0	178	2399	1272	476	78	25	10	2	0	3357
rotifer_0.001_8x_20.hist	86159187	3084309	595876	233595	114813	72295	73056	35892	39692	30747	14886	13972	19425	12513	6474	4267	6768	9035	4912	3451	6518	2273	984	1818	3885	3426	772	247	216	3025	3090	917	365	41	12	2157	2216	1208	240	12	3	0	944	2307	383	126	55	17	4	1900
rotifer_0.001_8x_23.hist	85876028	2996209	587331	228607	113794	71417	58124	40263	41847	21367	24891	12274	9926	15571	8056	5287	8385	7714	1440	3544	6693	4510	1953	648	1385	4432	2287	735	244	1320	3463	1203	480	54	16	1827	2218	1209	240	12	3	0	1816	1182	196	64	27	8	1	2352
rotifer_0.001_8x_novaseq_profR.hist	86014774	3022310	592552	229907	115081	72207	54195	48411	33127	32647	15805	13627	18477	10213	5284	6861	10882	4533	2085	5131	5845	4180	1810	1223	2612	3667	827	265	1996	3121	924	273	2113	242	76	2235	1100	599	118	5	1303	1124	595	222	36	821	367	121	39	1800
rotifer_0.001_2x_novaseq_profR.hist	85815259	2979962	543892	223480	109453	67038	48979	43751	56155	28638	13865	7538	10479	17301	18571	5908	3404	1417	1875	4616	8718	5161	2235	653	995	3184	5315	1710	569	283	83	23	8	0	0	6780	1948	1061	211	10	2	0	0	0	0	0	0	434	3046	1827
rotifer_0.001_1x_20.hist	86361188	2766126	535595	218610	104643	65583	58596	52342	65532	33420	16180	7978	3062	3319	4117	5957	9448	12612	14103	7677	4978	1554	672	195	10	4	0	0	0	0	2937	5874	6838	787	249	14	3	0	0	0	0	0	0	0	0	0	0	0	0	7549
rotifer_0.01_2x_23.hist	90687794	2095013	437514	161200	89527	55830	57509	28254	12438	14229	16596	18367	7050	3896	3005	4348	6896	9205	1463	795	515	199	946	1838	3927	4866	1097	352	116	57	15	3	12	37	5405	336	95	51	9	0	0	0	0	0	0	0	1786	1605	534	319
rotifer_0.001_4x_23.hist	86176013	3278471	578655	236008	112670	70749	66406	59319	25406	23731	27681	21212	8143	6249	7753	11218	10289	4286	1134	2792	5273	8632	3739	1093	129	414	985	2626	4462	2230	659	195	77	7	1	3840	1458	794	157	7	1	1151	1353	506	83	26	11	2	0	3451
rotifer_0.001_4x_MiSeqv3L250R.hist	86425370	3179851	588362	235236	112838	71377	73020	60155	23685	21729	25345	22999	8829	5425	6730	9738	14204	5917	940	1791	3383	5538	6649	1944	166	530	1262	3365	3818	1908	564	166	65	6	1	1551	3688	2010	401	21	6	1	0	91	2308	768	343	113	36	1119
rotifer_0.001_4x_novaseq_profR.hist	86070562	3074018	580887	229339	113405	71266	69832	34308	33431	36957	17893	9495	13199	18685	9667	3075	4876	6509	7475	4069	2638	1585	7527	2901	169	351	835	2225	4047	2022	598	176	69	7	4446	1500	430	233	45	1	0	780	2075	777	128	41	17	4	0	2604
rotifer_0.01_2x_20.hist	91459353	2119848	414582	167290	76828	48709	45712	40833	32322	16483	7979	6366	8849	14611	8501	2704	1557	648	962	2368	4473	7322	3172	927	53	28	5	13	3412	1705	504	148	58	5	0	829	2996	1633	325	17	4	0	0	0	0	0	0	0	0	2778
rotifer_0.0_1x_23.hist	84172019	4115913	533154	227394	126961	79412	114319	56165	22114	11277	9995	11294	15701	25924	23986	7630	4397	1831	290	382	722	1181	5610	10908	6186	3435	774	248	81	39	10	2	1235	3705	6601	411	117	63	11	0	0	0	0	0	0	0	0	0	0	7795
rotifer_0.0_1x_MiSeqv3L250R.hist	86723681	3430288	695595	264273	123485	79213	42935	38352	57931	66272	32086	15823	6074	3356	1736	1832	2906	3879	8165	17450	11318	3535	1531	447	25	13	1	0	0	0	2415	4829	9724	1120	355	21	5	1	0	0	0	0	0	0	0	0	0	0	0	9040
rotifer_0.001_4x_HiSeq2500L150R.hist	88792091	3519576	675379	252911	139713	86858	58223	28605	34433	39390	22883	11284	15688	11533	5967	5816	9225	12314	3363	1830	1186	1095	5202	10115	594	329	73	22	6	2	8089	2402	960	109	33	1	0	0	0	3268	1962	803	425	158	25	7	2	0	0	3467
rotifer_0.0_1x_novaseq_profR.hist	85119279	2976816	538099	224578	115764	69008	40041	35767	54026	31679	15337	7563	8648	14278	17715	16670	9609	4002	635	345	222	323	1536	2985	6379	9564	2158	694	230	114	32	8	2	0	0	0	5813	3169	632	34	10	3	0	0	0	0	0	0	0	6816
rotifer_0.001_1x_25.hist	85838665	3474889	682248	249593	140784	88552	93491	59124	23279	11871	11660	13175	18317	30243	15649	4978	2868	1194	331	814	1537	2516	11951	8594	504	279	62	18	5	1	0	0	12165	1402	445	26	6	2	0	0	0	0	0	0	0	0	0	0	0	7307
rotifer_0.001_1x_HiSeq2500L150R.hist	86794637	4140884	537559	229333	128091	80134	122742	64952	25574	13041	6313	4840	6728	11108	13782	19942	23282	9700	1542	838	542	168	648	1259	2689	1493	336	107	276	3875	10427	3097	1237	141	44	1	0	0	0	0	0	0	0	0	0	0	0	0	0	9636
rotifer_0.0_8x_25.hist	85340877	3104509	612625	238061	119000	74613	52918	47270	42589	21719	25334	17909	8426	13913	10295	4873	7729	8578	1954	4809	7356	2297	1155	2246	4592	2550	574	184	1263	4484	1327	393	156	17	3691	229	65	34	3014	166	54	21	10	2190	716	237	105	34	10	2202
rotifer_0.001_2x_MiSeqv3L250R.hist	86284477	3239349	620303	235464	128306	79104	49824	24478	28887	33046	38446	18960	7278	4022	4691	6788	10766	14372	2285	1243	805	1055	5014	9749	1458	809	181	57	18	8	1477	2953	6117	704	223	12	2	0	0	0	0	0	3895	1459	242	79	34	10	2	2252
rotifer_0.01_1x_novaseq_profR.hist	91753684	2491002	532496	189246	103486	65565	50459	45074	39808	20301	9828	4846	3149	5198	6449	9331	11490	4786	760	413	266	288	1371	2664	4084	2268	511	163	53	25	6	0	1755	5265	1674	103	28	14	1	0	0	0	0	0	0	0	0	0	0	4297
rotifer_0.01_4x_MiSeqv3L250R.hist	90669056	2354631	420500	165117	83585	51250	42270	37758	28056	14307	11457	12946	10280	5682	3384	4897	7766	5329	846	980	1851	3029	3978	1163	382	1224	2912	936	311	154	44	12	2294	2296	729	44	11	5	0	494	1674	685	362	135	21	6	1	0	0	1810
rotifer_0.01_1x_23.hist	90227762	1981222	430505	156200	88258	55601	61911	55303	22573	11511	5572	3580	4977	8217	10195	14751	8503	3541	562	305	196	60	139	270	577	1848	4398	3502	1166	582	171	49	18	1	4799	298	84	45	8	0	0	0	0	0	0	0	0	0	0	4478
rotifer_0.0_2x_20.hist	86465636	3471079	663147	250341	137794	85479	56996	28002	29706	33983	38394	18934	7268	4296	5330	7712	12231	5095	10726	7004	4542	1418	613	215	459	1470	3497	8524	2840	1419	419	123	48	4	0	0	0	6988	1396	76	24	9	3	0	0	0	0	0	0	5034
rotifer_0.0_2x_25.hist	85509063	3231655	587520	240884	117110	71670	47681	42592	64335	32810	15885	7833	6716	11088	13756	17486	10079	4198	666	454	857	1403	6665	12307	722	400	89	27	8	3	2838	5676	2269	260	81	4	0	0	5124	310	102	41	20	6	0	0	0	0	0	4965
rotifer_0.001_2x_20.hist	87398591	3361564	681448	249501	140049	87858	90909	44664	19226	21994	25654	20112	7720	9906	12289	17240	9937	4139	657	426	803	1314	6244	12141	3016	1674	377	120	39	18	4	0	0	0	4690	5110	1468	799	158	7	1	0	0	0	0	0	0	0	0	5707
rotifer_0.001_1x_MiSeqv3L250R.hist	85966449	4479341	566051	240676	133682	83371	112382	55214	21739	11086	6020	6802	9456	15612	19370	24864	14332	5970	948	515	333	103	209	406	867	2775	6604	5502	1833	915	270	79	648	1945	5060	315	89	47	8	0	0	0	0	0	0	0	0	0	0	9040
rotifer_0.01_4x_20.hist	91548575	2313089	453181	169564	92507	57077	36556	17959	26982	27659	13390	6603	4998	8252	10237	7149	4120	1715	1171	2883	5445	2434	1054	307	398	1275	3033	2530	842	420	123	35	13	0	1766	1970	565	307	60	2	828	878	465	173	27	8	2	0	0	1782
rotifer_0.001_4x_20.hist	87243761	3465550	629353	244136	129598	78520	52340	46754	52025	26531	14419	14586	9750	16098	17887	5690	3279	1411	2970	7310	8938	2792	1209	812	1735	5552	2779	894	297	147	1416	2832	2125	244	76	3	0	0	4925	1280	425	173	91	33	4	0	0	0	0	3804
rotifer_0.0_4x_23.hist	85846458	3301865	621077	245538	119640	75516	82351	53124	22078	25257	29460	21991	8442	7319	9080	12952	7465	3109	2182	5372	10146	4094	1773	517	508	1627	3873	3452	1149	573	169	49	3192	2714	862	52	14	6	0	3965	1320	540	285	106	16	4	1	0	383	3118
rotifer_0.0_2x_23.hist	85530802	3419127	612543	248919	117295	74355	67494	60291	51870	26453	12807	7391	10275	16966	21049	6696	3859	1607	1935	4762	8994	7074	3064	895	51	139	330	880	7397	3697	1094	324	128	13	3	0	995	5624	1123	61	19	6	2	0	0	0	0	1559	2240	1343
rotifer_0.0_2x_MiSeqv3L250R.hist	85940171	3384835	631521	240871	133385	83039	82629	40596	16882	19312	22526	25453	22810	12608	6523	2074	2297	3066	6455	13130	8516	2660	1151	336	112	359	855	2280	6390	3194	945	279	110	11	2	0	0	0	7541	417	138	55	28	9	0	0	0	0	0	4955
