sample	rotifer_0.06_1x_20	rotifer_0.06_1x_23	rotifer_0.06_1x_25	rotifer_0.06_1x_30	rotifer_0.06_2x_20	rotifer_0.06_2x_23	rotifer_0.06_2x_25	rotifer_0.06_2x_30	rotifer_0.06_4x_20	rotifer_0.06_4x_23	rotifer_0.06_4x_25	rotifer_0.06_4x_30	rotifer_0.06_8x_20	rotifer_0.06_8x_23	rotifer_0.06_8x_25	rotifer_0.06_8x_30	rotifer_0.0_1x_17	rotifer_0.0_1x_20	rotifer_0.0_1x_23	rotifer_0.0_1x_25	rotifer_0.0_1x_30	rotifer_0.0_2x_17	rotifer_0.0_2x_20	rotifer_0.0_2x_23	rotifer_0.0_2x_25	rotifer_0.0_2x_30	rotifer_0.0_4x_17	rotifer_0.0_4x_20	rotifer_0.0_4x_23	rotifer_0.0_4x_25	rotifer_0.0_4x_30	rotifer_0.0_8x_17	rotifer_0.0_8x_20	rotifer_0.0_8x_23	rotifer_0.0_8x_25	rotifer_0.0_8x_30
rotifer_0.06_1x_20	0.0	0.0	0.0	0.0	0.0	0.0	0.0	0.0	0.0	0.0	0.0	0.0	0.0	0.0	0.0	0.0	0.05935720773877639	0.05947546178363096	0.05987587451557526	0.06044972533853317	0.06058449713198923	0.05971457991952298	0.06057204632208534	0.06051166911465972	0.06128376293296961	0.0616423554376719	0.06004754331761988	0.060633621429185144	0.061409986416391525	0.061268766309435355	0.06178994529603776	0.060009227759125934	0.06045325540265975	0.06082844977790176	0.06133091411221085	0.06172938362713913
rotifer_0.06_1x_23	0.0	0.0	0.0	0.0	0.0	0.0	0.0	0.0	0.0	0.0	0.0	0.0	0.0	0.0	0.0	0.0	0.058144305709279295	0.05895182965541358	0.06004823032588045	0.06000396022113601	0.05989947116559793	0.05977393984500361	0.060132462307123345	0.06046091848896286	0.060990576017059185	0.06119775526396879	0.05957957454851257	0.06086071496217544	0.061342854729412026	0.06115291577459914	0.06159861252244425	0.05999434101824583	0.06083677240147048	0.06086031726937864	0.06115876924523934	0.06162787896388356
rotifer_0.06_1x_25	0.0	0.0	0.0	0.0	0.0	0.0	0.0	0.0	0.0	0.0	0.0	0.0	0.0	0.0	0.0	0.0	0.058368042863005364	0.058794784364755236	0.05968459809855262	0.059695183094830885	0.05961827375143891	0.059771644806507755	0.06028167324700062	0.060733199322180235	0.06097320990774866	0.06128909898666995	0.05986197037517562	0.061076314014831795	0.061295156554181156	0.06130589989970707	0.061879903369197756	0.05968490825376353	0.060972970119525106	0.06153146516819441	0.0614173399494452	0.06180107030730912
rotifer_0.06_1x_30	0.0	0.0	0.0	0.0	0.0	0.0	0.0	0.0	0.0	0.0	0.0	0.0	0.0	0.0	0.0	0.0	0.05736968537405302	0.058057989260065036	0.058867631421489604	0.058867676538498885	0.059184093400947935	0.05815047816678071	0.05859185278575007	0.05933236939664403	0.05979492664283444	0.060314399647193984	0.05804301455026191	0.05933700818856816	0.05987617892801972	0.05989673662353167	0.060440461772187086	0.058661379976289396	0.05902643277306039	0.05955523249791485	0.05973962990336255	0.06023015500239129
rotifer_0.06_2x_20	0.0	0.0	0.0	0.0	0.0	0.0	0.0	0.0	0.0	0.0	0.0	0.0	0.0	0.0	0.0	0.0	0.057780555387501015	0.058484706970193916	0.05991052724638452	0.0598796504423149	0.05959697654210457	0.059406684585548056	0.0600767727566836	0.06029416668424084	0.06091105711493522	0.06103283407749597	0.059351424637053986	0.06065575779113975	0.06103441043613715	0.06117047838494203	0.06130684389564395	0.059164078025311914	0.059860173605880154	0.06055322005025098	0.0609919595341982	0.06132162513666071
rotifer_0.06_2x_23	0.0	0.0	0.0	0.0	0.0	0.0	0.0	0.0	0.0	0.0	0.0	0.0	0.0	0.0	0.0	0.0	0.05811077885961605	0.05828317674617725	0.059638631032444066	0.05958132800079369	0.059465291816869915	0.058985299650518005	0.05971776272139054	0.060185506244267425	0.06045592558283628	0.06071150293989279	0.05934023916404196	0.06069222720148228	0.06090960844942843	0.060861105387211976	0.061295892094847586	0.05900053731022445	0.06020721745170939	0.06078279717473182	0.060974848355072435	0.06117757842260407
rotifer_0.06_2x_25	0.0	0.0	0.0	0.0	0.0	0.0	0.0	0.0	0.0	0.0	0.0	0.0	0.0	0.0	0.0	0.0	0.05815319711897855	0.057994642789210155	0.059092997134323325	0.05917236391326699	0.058811245501113024	0.05894537444382146	0.05954872597504812	0.05960708048976926	0.060062389132433086	0.060198621830397626	0.05896634725160883	0.060025358078084734	0.060342494909682964	0.06048393541104822	0.06085154385927907	0.05834117464658665	0.05939785916323632	0.0600214024130548	0.060397732992283036	0.06092890588207797
rotifer_0.06_2x_30	0.0	0.0	0.0	0.0	0.0	0.0	0.0	0.0	0.0	0.0	0.0	0.0	0.0	0.0	0.0	0.0	0.057798800629631	0.05766022015654526	0.05895129071045749	0.05886880931400369	0.059030669436888304	0.058370470699269324	0.05902321184387909	0.059198520305054576	0.059665636455898376	0.05998095963417572	0.058396590845436934	0.05952816878800348	0.05987809928842979	0.06014239958918033	0.060484745204065465	0.0581459109626909	0.05921074887632996	0.05985900943225113	0.06006726036316181	0.060480528866461124
rotifer_0.06_4x_20	0.0	0.0	0.0	0.0	0.0	0.0	0.0	0.0	0.0	0.0	0.0	0.0	0.0	0.0	0.0	0.0	0.05800165858014457	0.058383603357253434	0.059424054889915943	0.05898480516206556	0.05960440702272313	0.058389413437410595	0.05919653284585053	0.05979777336839318	0.06039496678445609	0.06047979431568363	0.05851210372358822	0.05964254484200368	0.06010261649149441	0.060472946596013766	0.06070878473747303	0.058167778975947	0.05934614080209191	0.060015321834389186	0.060142560927540126	0.06074915769536802
rotifer_0.06_4x_23	0.0	0.0	0.0	0.0	0.0	0.0	0.0	0.0	0.0	0.0	0.0	0.0	0.0	0.0	0.0	0.0	0.057341641262895385	0.05721755037218214	0.0588330948410216	0.05871155062625811	0.05883311310595924	0.05825003420998585	0.0590114260154782	0.05945940785679552	0.05964725117663819	0.0596784820014159	0.058510703215873025	0.059353531490292114	0.05991817070049732	0.0600861599791382	0.06030609317648741	0.05792397992191701	0.05851055768988131	0.05940895377418983	0.05981631389554601	0.06041654881284816
rotifer_0.06_4x_25	0.0	0.0	0.0	0.0	0.0	0.0	0.0	0.0	0.0	0.0	0.0	0.0	0.0	0.0	0.0	0.0	0.057384401798733345	0.057246544436667386	0.0586901347777658	0.058399824576232315	0.0586250790884453	0.05810326572126516	0.058716380040120975	0.05903137792568138	0.059331098389630556	0.059694057853423646	0.05810189601948719	0.059094865576772466	0.0596401362453828	0.05976082466855565	0.06007935828330635	0.05769236647062782	0.05852353031388471	0.059250054813624144	0.0595495784540242	0.06010265300839373
rotifer_0.06_4x_30	0.0	0.0	0.0	0.0	0.0	0.0	0.0	0.0	0.0	0.0	0.0	0.0	0.0	0.0	0.0	0.0	0.05711606637063933	0.05698541888503338	0.05828238720839291	0.05807529652487974	0.0581081030423421	0.057674480053829705	0.05840564021425961	0.0588771333489853	0.05901483005713181	0.05934478896497437	0.0576388011922545	0.058899199354757695	0.059349279913566366	0.05935736136957364	0.0598571428941673	0.057719682746918605	0.05848575420178751	0.059013718941957595	0.05941743058402793	0.05970626304547632
rotifer_0.06_8x_20	0.0	0.0	0.0	0.0	0.0	0.0	0.0	0.0	0.0	0.0	0.0	0.0	0.0	0.0	0.0	0.0	0.0576790165109594	0.0578752169124813	0.05870726490060422	0.0586513062809192	0.05901018572805847	0.057642725896693045	0.058635546639737225	0.059401227833988955	0.05967298358657906	0.06017969919839336	0.057776909577242894	0.05901300811403586	0.05961707728427258	0.05996164721515622	0.06027368257295591	0.057512552634315206	0.05878250846439309	0.059345302472485935	0.059712688241720865	0.06003768608084697
rotifer_0.06_8x_23	0.0	0.0	0.0	0.0	0.0	0.0	0.0	0.0	0.0	0.0	0.0	0.0	0.0	0.0	0.0	0.0	0.057695047437762076	0.05778173348793396	0.05855253017892532	0.05859629621521035	0.058581304095812824	0.05766150727293137	0.058589729075306414	0.05909366256638346	0.05942004036958747	0.0597254719616048	0.057632686926986816	0.05909132419162681	0.05939467561339749	0.059682708328836966	0.06002239549695286	0.057187695328060804	0.05855387208220489	0.059029572224248164	0.05933707170346554	0.05995981014337326
rotifer_0.06_8x_25	0.0	0.0	0.0	0.0	0.0	0.0	0.0	0.0	0.0	0.0	0.0	0.0	0.0	0.0	0.0	0.0	0.05731898059779635	0.0575752845989213	0.05835467803192672	0.05833698509423769	0.05855106655072475	0.05787547421829562	0.05857287598927553	0.05898128322116837	0.059384294663950364	0.05961051334423136	0.05757009666615409	0.058856481078035594	0.0594495130502437	0.059573255648807645	0.05997265071461093	0.057274510288346854	0.05845625724444014	0.058985395884037034	0.0591966774719877	0.059961837774162925
rotifer_0.06_8x_30	0.0	0.0	0.0	0.0	0.0	0.0	0.0	0.0	0.0	0.0	0.0	0.0	0.0	0.0	0.0	0.0	0.05696807837202722	0.056665667489906986	0.05817385127797087	0.057955574805737646	0.05799622460778165	0.05754584168034599	0.05824905086404339	0.05845066413127353	0.0588564572189324	0.059126293690441346	0.05747250003476189	0.05860896105634941	0.05908274138678099	0.05915656224358607	0.05947431618741382	0.057145549432887396	0.05795421954536953	0.05869249654770267	0.05915671508250424	0.05956480807630062
rotifer_0.0_1x_17	0.06046598383646688	0.05989613485765074	0.060380091589611655	0.05965794646507183	0.0600770500009351	0.061051206164632665	0.06135668101511405	0.061200070049892204	0.06081956485732798	0.060576396383745006	0.060843520133073294	0.06089332342027421	0.05993628098250461	0.060631853598066894	0.06063652308432695	0.06087861356936445	0.0	0.0005304242611834588	0.0007724365666804396	0.0005077662900157398	0.00041378728622795354	0.0	0.0008874555558684074	0.0005465537679294795	0.0006748524924429851	0.0005811433698152368	0.0	0.0007972536866668936	0.0007234718059883148	0.0006733609162258113	0.0005818372132117396	0.0	0.0006023641033781861	0.000755231498844929	0.0007837644416078269	0.0006472951680602981
rotifer_0.0_1x_20	0.05940867955178454	0.05954157849284703	0.05963357486777639	0.05918716056370886	0.05964468238011259	0.0600637160742109	0.060021267578289086	0.059882448085517695	0.06008025412942243	0.0593200513158942	0.059563528051819185	0.05960857209720911	0.05902586152978557	0.05960448877840181	0.05977828397681642	0.05941875930177659	0.0005182455400235018	0.0	0.0	0.0	0.0	0.0004938808818280462	0.0	0.0	0.0	0.0	0.0003787579723340339	0.0	0.0	0.0	0.0	0.0004781322285392646	0.0	0.0	0.0	0.0
rotifer_0.0_1x_23	0.05919204227273401	0.060023304190421976	0.059910637208259995	0.059389929579736794	0.06046948750235581	0.06082736609342968	0.06052752625346607	0.0605883412386965	0.06053103558156804	0.06037019041228189	0.060440021835400204	0.060337494046410284	0.05926413187152135	0.05979199898533571	0.05997744681510993	0.06037022619516552	0.0007453116803718538	0.0	0.0	0.0	0.0	0.0007617341999712512	0.0003567044293795277	0.0	0.0	0.0004418081125886554	0.00048117599772935397	0.0005444036270213116	0.0	0.0	0.0	0.0007355865815153818	0.0005859143006305109	0.0	0.0003859308917577995	0.0
rotifer_0.0_1x_25	0.05953754283028138	0.05975594115881642	0.05969833262105933	0.05916850204655576	0.06021521045190454	0.06054591844435408	0.06038529982604007	0.060280970244232825	0.059868236891986275	0.06002797058234738	0.05992519808447065	0.05990558485401459	0.058989308814293935	0.05961956661459235	0.05974281694581415	0.0599267998817248	0.00048766133382451715	0.0	0.0	0.0	0.0	0.0	0.0	0.0	0.0	0.0	0.000371439086604265	0.0	0.0	0.0	0.0	0.0	0.0	0.0	0.0	0.0
rotifer_0.0_1x_30	0.05938944107847844	0.05937189392994946	0.05934182973794277	0.059207216640358946	0.05965183471627196	0.060148285091439595	0.05974014352356505	0.0601649785274746	0.06021407412380324	0.059875627566025	0.059878801605141675	0.05966338692428008	0.059069057186228825	0.05933092998475027	0.059686464697903265	0.05969313376088075	0.00039504289235402863	0.0	0.0	0.0	0.0	0.0	0.0	0.0	0.0	0.0	0.0	0.0	0.0	0.0	0.0	0.000492722962744641	0.0	0.0	0.0	0.0
rotifer_0.0_2x_17	0.05959812766854997	0.06032493746888329	0.06057989521038311	0.05924201397339052	0.060536031223536506	0.06075117114115935	0.06097463410363151	0.06059774283318052	0.06005889847204638	0.060360177523806034	0.06043210128861369	0.06031954047637413	0.0587767973506885	0.05946025242373628	0.06007065767859251	0.0603352734995114	0.0	0.0004929832538356459	0.0007698991630400156	0.0	0.0	0.0	0.0008314043823540443	0.000534030137473155	0.0004479153482112821	0.0005012241891394891	0.0	0.000902063971739559	0.0006190439093606224	0.0005699269107372972	0.0005007136964901741	0.0	0.0007412466278919914	0.0008561977482324857	0.0007096701750888625	0.0005666382286527897
rotifer_0.0_2x_20	0.059437508798922484	0.059655690249498156	0.06005514802558385	0.05866246359997394	0.06018267569337506	0.06045537303680835	0.06054128743784606	0.060215252005939475	0.05986458676186825	0.06011427834428643	0.06003103374822602	0.060031547768089985	0.058779969268495325	0.059402037319521137	0.059768688486851365	0.060019624834604	0.0008484253247495087	0.0	0.00035295830045875846	0.0	0.0	0.0008141072989503506	0.0	0.0	0.0	0.0	0.0003807661593193028	0.0	0.00040004672130919123	0.0	0.0	0.00037713627293308366	0.0	0.0004034192630692905	0.0004204832666575227	0.0
rotifer_0.0_2x_23	0.058824535484177085	0.059422905683755876	0.059941122292915885	0.058846938296470974	0.059835858313379224	0.06035829395382459	0.06003137242147584	0.05982372572227162	0.0599083003842256	0.06000584297737295	0.05978896132809223	0.05994525215445221	0.0589822320669524	0.05935448985966875	0.059625071788796266	0.05966003669743264	0.000516461182771809	0.0	0.0	0.0	0.0	0.0005167096410438834	0.0	0.0	0.0	0.0	0.0	0.0	0.0	0.0	0.0	0.0	0.0	0.0	0.0	0.0
rotifer_0.0_2x_25	0.05935516057120053	0.0597202316400859	0.05995224359217135	0.059083153015796676	0.06021975728499217	0.06040059656781447	0.06026087539585791	0.06006660543620409	0.06027669351763261	0.05996864246567199	0.059865480143590354	0.05985792049777143	0.05902190368372698	0.059456011363474094	0.059805610173083515	0.05984536867344903	0.0006346420621960011	0.0	0.0	0.0	0.0	0.0004312440229262277	0.0	0.0	0.0	0.0	0.0	0.0	0.0	0.0	0.0	0.0004419167841369255	0.0	0.0	0.0	0.0
rotifer_0.0_2x_30	0.059418715366404605	0.0596387943420328	0.05997793241412711	0.05931513185590644	0.06005082352172583	0.060367469800317757	0.06011024321598796	0.06009630547936749	0.06007267873109635	0.059715470538307815	0.05994541120706159	0.05990586550624492	0.05922813704404347	0.05947520335124817	0.05974845072472746	0.05983350186358204	0.0005430560268169504	0.0	0.00042766076494122924	0.0	0.0	0.0004794855413584077	0.0	0.0	0.0	0.0	0.00034622341487895513	0.0	0.0	0.0	0.0	0.0006206571440605843	0.00046741501719770756	0.0	0.0	0.0
rotifer_0.0_4x_17	0.059446391911923864	0.05963794014886359	0.0601781411287085	0.0586460799349055	0.05996769491346791	0.06060779170362274	0.0604940529348372	0.06012789717518038	0.05967833124734043	0.0601270726620991	0.059934688774026475	0.05979426039857241	0.05841526757095187	0.058932374971172576	0.05926173097976129	0.05977457879679138	0.0	0.00037355217967543504	0.0004803534882295857	0.00037248561582546455	0.0	0.0	0.0003838929211777541	0.0	0.0	0.0003573487607611544	0.0	0.0003840984256060422	0.0	0.0	0.0	0.0	0.0	0.0003694565088710868	0.0	0.0
rotifer_0.0_4x_20	0.059172059788206076	0.06004263987091007	0.060507362298403415	0.05906934803166404	0.060404527340614654	0.06108010679695375	0.0606666924765824	0.060372760440786176	0.059956150694138545	0.060103527230585777	0.06005965167129166	0.0601819794640321	0.058811045285551096	0.05955318764727674	0.05970109873439746	0.06003599454023179	0.000756508839327337	0.0	0.0005337590834939084	0.0	0.0	0.0008751955518167519	0.0	0.0	0.0	0.0	0.000377353640718693	0.0	0.000380927542789011	0.0	0.0	0.0003975432560409245	0.0	0.00039806403556947846	0.0003583260182041769	0.0
rotifer_0.0_4x_23	0.059367341254613286	0.059944511844599445	0.06014443098983471	0.05903408634471842	0.06020518318353338	0.06071263937742504	0.060399771864715145	0.06013823480081024	0.059846137445373884	0.06009739757226608	0.0600329386130529	0.060053264908651594	0.05884225492458873	0.05929184253703211	0.05972859317751394	0.05993235206518351	0.0006785822534946945	0.0	0.0	0.0	0.0	0.000593557084880368	0.0003915996045369125	0.0	0.0	0.0	0.0	0.0003765771624679311	0.0	0.0	0.0	0.0	0.0003625942980256479	0.0	0.0	0.0
rotifer_0.0_4x_25	0.058973682053730096	0.059500318928662026	0.05989634286688015	0.058799631537292465	0.06008024705417767	0.06040361589666789	0.060280952258396386	0.06014304635917427	0.05995665714494858	0.06000818252407817	0.05989667751541954	0.05980228434270373	0.05892116338438568	0.05932361702974334	0.05959715739349806	0.05974798810621296	0.0006281356965175935	0.0	0.0	0.0	0.0	0.0005434635324720385	0.0	0.0	0.0	0.0	0.0	0.0	0.0	0.0	0.0	0.0	0.0	0.0	0.0	0.0
rotifer_0.0_4x_30	0.05912470152690628	0.059583267049989695	0.06010527613681621	0.05898766186060772	0.05985679151338331	0.06047877152543082	0.060291913303976666	0.0601303448663029	0.059833884018816993	0.059874631882529915	0.0598633449263133	0.05995184717349306	0.0588627161706263	0.05930771774753138	0.05964489966589293	0.05971616468450639	0.000538447786745937	0.0	0.0	0.0	0.0	0.00047368124062746776	0.0	0.0	0.0	0.0	0.0	0.0	0.0	0.0	0.0	0.0003834526288564886	0.0	0.0	0.0	0.0
rotifer_0.0_8x_17	0.05988923195045687	0.06056099101281224	0.06051489280598285	0.059795947371741334	0.06023412537727819	0.06075642504619603	0.06036355078528296	0.06039689732368149	0.059763762563037906	0.05999516743384814	0.0600015274875081	0.06040004735560177	0.058537030601916805	0.058904233857370016	0.05941836881206961	0.0599590792293873	0.0	0.0004752378305354179	0.0007402003759715329	0.0	0.000501144228335159	0.0	0.000382795683349723	0.0	0.00045659902397861285	0.0006457112753163358	0.0	0.00040707822778929573	0.0	0.0	0.000403608865446465	0.0	0.0	0.0	0.0	0.0003875643265663148
rotifer_0.0_8x_20	0.05951684707243216	0.06055802502372458	0.060951925611726514	0.05929826494189581	0.06011945519722705	0.06112659976390185	0.0605721148854033	0.0606007056948867	0.06015876300532808	0.05976227015434559	0.06000324175193526	0.06030432762929725	0.05906314763752385	0.059505095975112915	0.059804991660092344	0.05990994566913486	0.0005770072542892348	0.0	0.0005797295716296288	0.0	0.0	0.000725350545280095	0.0	0.0	0.0	0.0004776678664147777	0.0	0.0	0.00036986061970225865	0.0	0.0	0.0	0.0	0.0	0.0	0.0
rotifer_0.0_8x_23	0.059158648476833234	0.05983025406544513	0.060745511607031726	0.059073708170933714	0.060080371272787154	0.06094576815086703	0.06043730244465494	0.06048238271856803	0.060106454934821994	0.05993495107298749	0.0599918835561499	0.060072428063073086	0.05892165375454689	0.059268798825527845	0.05960779289799661	0.05989524291828646	0.0007133524722691874	0.0	0.0	0.0	0.0	0.0008262506725970132	0.0003972367423357879	0.0	0.0	0.0	0.0003609253672128496	0.0003957839590703077	0.0	0.0	0.0	0.0	0.0	0.0	0.0	0.0
rotifer_0.0_8x_25	0.059270417773935276	0.059739717019421136	0.06024094863574808	0.05887269230758023	0.06013316742464716	0.06074685417569294	0.06042401817397829	0.06029753387407125	0.059853560712589675	0.059962266164120814	0.05990889490622341	0.06008989642754016	0.05890771282978647	0.05920161607551737	0.05944149508304355	0.059975000142798024	0.0007346758273123891	0.0	0.0003736079989080291	0.0	0.0	0.0006796555591849239	0.0004109961751865036	0.0	0.0	0.0	0.0	0.00035367539390164174	0.0	0.0	0.0	0.0	0.0	0.0	0.0	0.0
rotifer_0.0_8x_30	0.05908203943892016	0.05962380303229633	0.060038964856284356	0.05878943031282516	0.05987985587017131	0.06036776082610259	0.06037426226021121	0.060131020473858335	0.05988062755072847	0.05998924187382264	0.05989073793966989	0.059804388135571686	0.05864395296698452	0.05925215969137584	0.05963867711951621	0.05981046066864245	0.000599278268273319	0.0	0.0	0.0	0.0	0.0005360479737567573	0.0	0.0	0.0	0.0	0.0	0.0	0.0	0.0	0.0	0.0003682479276574762	0.0	0.0	0.0	0.0
