sample	moss_0.06_1x_20	moss_0.06_1x_23	moss_0.06_1x_25	moss_0.06_1x_30	moss_0.06_2x_20	moss_0.06_2x_23	moss_0.06_2x_25	moss_0.06_2x_30	moss_0.06_4x_20	moss_0.06_4x_23	moss_0.06_4x_25	moss_0.06_4x_30	moss_0.06_8x_20	moss_0.06_8x_23	moss_0.06_8x_25	moss_0.06_8x_30	moss_0.0_1x_17	moss_0.0_1x_20	moss_0.0_1x_23	moss_0.0_1x_25	moss_0.0_1x_30	moss_0.0_2x_17	moss_0.0_2x_20	moss_0.0_2x_23	moss_0.0_2x_25	moss_0.0_2x_30	moss_0.0_4x_17	moss_0.0_4x_20	moss_0.0_4x_23	moss_0.0_4x_25	moss_0.0_4x_30	moss_0.0_8x_17	moss_0.0_8x_20	moss_0.0_8x_23	moss_0.0_8x_25	moss_0.0_8x_30
moss_0.06_1x_20	0.0	0.0	0.0	0.0	0.0	0.0	0.0	0.0	0.0	0.0	0.0	0.0	0.0	0.0	0.0	0.0	0.04661566404528157	0.048229237777129945	0.05084914631698707	0.051869260226519553	0.05325226516433329	0.050940446258787575	0.05302866549543778	0.05547201080680605	0.05676669259596298	0.0586866281570961	0.05261551327156879	0.05517618310767015	0.05839360818663924	0.05948090287266617	0.060965179332477755	0.052271439071295264	0.05489829675242537	0.05773123364171215	0.05886953640931864	0.06113421378989708
moss_0.06_1x_23	0.0	0.0	0.0	0.0	0.0	0.0	0.0	0.0	0.0	0.0	0.0	0.0	0.0	0.00034119945005556826	0.0	0.0	0.04746140191507432	0.04968830723541047	0.05140170237019968	0.052541230117710815	0.05415749299798065	0.05224031063489896	0.053665569309447936	0.05603994004912933	0.057046602469645574	0.059051305214613145	0.0540107551451834	0.0561684326607642	0.0590734484636022	0.05991715512010173	0.06164560850972338	0.05306172043645084	0.05606692026236257	0.058060926787783226	0.05969281933063071	0.061789845695437745
moss_0.06_1x_25	0.0	0.0	0.0	0.0	0.0	0.0	0.0	0.0	0.0	0.0	0.0	0.0	0.0	0.0	0.0	0.0	0.04733187577435421	0.04916924153527376	0.05124667636780281	0.052507816394041965	0.05416734687529946	0.051463884723975416	0.05388255922091558	0.05614097445265491	0.057151173991003584	0.058805394342906915	0.05338045963472983	0.05612045684367197	0.05882928566632317	0.05994815583854774	0.0615652897537971	0.05287853514702853	0.05510521787688609	0.05781047846600812	0.05914122311591117	0.06167999655492743
moss_0.06_1x_30	0.0	0.0	0.0	0.0	0.0	0.0	0.0	0.0	0.0	0.0	0.0	0.0	0.0	0.0	0.0	0.0	0.04819489609820634	0.04990421297387292	0.05191113229853758	0.05309599191298645	0.05469272609534545	0.052507678311604494	0.05396872832120829	0.05599066007685395	0.057387413682007844	0.05921705855344885	0.05421206831919495	0.05673902760871555	0.05903600701439515	0.06012648124132765	0.06144973321982979	0.05373432545928243	0.0565717726305037	0.058121660436265585	0.05964761150441059	0.06159342468130274
moss_0.06_2x_20	0.0	0.0	0.0	0.0	0.0	0.0	0.0	0.0	0.0	0.0	0.0	0.0	0.0	0.0	0.0	0.0	0.04838665442221675	0.05056666973047169	0.052436201916455066	0.05340693356221599	0.05520833701685889	0.05188585384128936	0.05438331422684236	0.057049278736044845	0.05805530323727655	0.06004404081332524	0.05280266094175234	0.05644872554098221	0.05928367366095323	0.06055050780146194	0.0625470736763319	0.05225003615164786	0.05495058264086216	0.057888725007116046	0.059748131827207326	0.062418685901080524
moss_0.06_2x_23	0.0	0.0	0.0	0.0	0.0	0.0	0.0	0.0	0.0	0.0	0.0	0.0	0.0	0.0	0.0	0.0	0.04918586230767528	0.05075998298349728	0.05290154141200206	0.05429810417145217	0.05557167078965058	0.05317998266652425	0.05497469174879865	0.057298009677332735	0.05839816791816398	0.060247927065556484	0.05437881694897032	0.057252559126115835	0.05978290637240129	0.06095110858995273	0.06273087486557916	0.05382862257950262	0.05656742129043039	0.05886819783569105	0.0603962516821576	0.06273186099336772
moss_0.06_2x_25	0.0	0.0	0.0	0.0	0.0	0.0	0.0	0.0	0.0	0.0	0.0	0.0	0.0	0.0	0.0	0.0	0.05015948589111055	0.05096148024476709	0.05336290718481866	0.05406877303572788	0.05553308460048799	0.05315875715772691	0.05535498123072057	0.057332923937519105	0.058443519153581966	0.06032581347224406	0.05469237339442508	0.057441695544154625	0.06034143649192958	0.06141127553376793	0.06284095480270384	0.05384478683628776	0.05671626413053442	0.058906533983479475	0.06077001664903373	0.0629002848036717
moss_0.06_2x_30	0.0	0.0	0.0	0.0	0.0	0.0	0.0	0.0	0.0	0.0	0.0	0.0	0.0	0.0	0.0	0.0	0.05011450596390271	0.051043639298599924	0.05296399437113219	0.05417150388410774	0.0556941195818979	0.05343205830586357	0.05539654876000647	0.05731768879580046	0.058570757465240264	0.06012685750362918	0.055127057931802406	0.057817599756260565	0.06027434466602073	0.061297958941628115	0.0626032251352535	0.0549427788362465	0.05710823774083665	0.05904504148574729	0.06067066214167454	0.06286909372225893
moss_0.06_4x_20	0.0	0.0	0.0	0.0	0.0	0.0	0.0	0.0	0.0	0.0	0.0	0.0	0.0	0.0	0.0	0.0	0.049438925985187405	0.05156031366313782	0.05366389857073353	0.055476876472012986	0.05683685371474696	0.05249317908251963	0.05541900085615547	0.057593245952604705	0.059160678625309326	0.060697466931439514	0.053433073367887544	0.056565066969491526	0.060017624087491395	0.061110511370309546	0.06324235793164791	0.05259873684331694	0.05537938416895901	0.05826289665499512	0.06001975623126944	0.06305957981261993
moss_0.06_4x_23	0.0	0.0	0.0	0.0	0.0	0.0	0.0	0.0	0.0	0.0	0.0	0.0	0.0	0.0	0.0	0.0	0.050114832927512065	0.05166326991807004	0.05398177343709127	0.055564277309426195	0.056686032092922535	0.05347657112425045	0.0557514430978616	0.05812378734513393	0.059310060006661114	0.06096535278864467	0.05448836327260724	0.05739141687829108	0.0604322293472775	0.06156795315072266	0.06328555300709798	0.053674590051922724	0.05639009514169401	0.05905885007279082	0.06077489514293387	0.06339147472254701
moss_0.06_4x_25	0.0	0.0	0.0	0.0	0.0	0.0	0.0	0.0	0.0	0.0	0.0	0.0	0.0	0.0	0.0	0.0	0.05070942153460127	0.051916871778809624	0.0540215560092088	0.05525043358629787	0.056563620288185096	0.053961078059833446	0.05597693852674889	0.057987681846580194	0.05928336245142968	0.06107765060467402	0.05481730205502594	0.05789895214986996	0.06068725717174532	0.061754953466888196	0.06328578574767886	0.05431675702810458	0.056840323762921335	0.0593863511467029	0.06097101099160115	0.06340615466403898
moss_0.06_4x_30	0.0	0.0	0.0	0.0	0.0	0.0	0.0	0.0	0.0	0.0	0.0	0.0	0.0	0.0	0.0	0.0	0.05124950033381433	0.0521190847912815	0.054117208806387276	0.05525666050889876	0.05669234939395689	0.05441002199066463	0.05611683993617154	0.05839157090255846	0.05941113927570416	0.06115076922809116	0.055684517889430005	0.058499828476360066	0.061003560255058646	0.062091670113327384	0.06350673282420549	0.055224268341464156	0.057784175471361575	0.060230742290639704	0.0616332901636232	0.06383398332016631
moss_0.06_8x_20	0.0	0.0	0.0	0.0	0.0	0.0	0.0	0.0	0.0	0.0	0.0	0.0	0.0	0.0	0.0	0.0	0.04828872219103921	0.05090040129250476	0.053373385371890875	0.054600943858195895	0.0562900820514971	0.0511919237653062	0.05423256551075377	0.057052375955204536	0.05820848350171229	0.060435845668786486	0.052373262125632	0.05544951278903482	0.05875705525073674	0.060357364542303324	0.06244551052978163	0.0509402711666885	0.053955041031151035	0.056708153348784075	0.058495086420723645	0.062020283257030136
moss_0.06_8x_23	0.0	0.0	0.0	0.0	0.0	0.0	0.0	0.0	0.0	0.0	0.0	0.0	0.0	0.0	0.0	0.0	0.05045676520890363	0.05208351337823545	0.05419004660400839	0.05556193129577368	0.057224078901102565	0.0528780560069284	0.055656055587661554	0.057964885713863296	0.05944516806535368	0.06126749928958232	0.05356286772682933	0.056930618391320804	0.06011649870233408	0.061469418790304015	0.06354248826316947	0.05288238844849597	0.055489151969949205	0.05846902426680957	0.06005827940097575	0.06312495297103725
moss_0.06_8x_25	0.0	0.0	0.0	0.0	0.0	0.0	0.0	0.0	0.0	0.0	0.0	0.0	0.0	0.0	0.0	0.0	0.05048019693999316	0.052115110311920954	0.053940074495062364	0.05546060344991545	0.05693992167195038	0.053334938930187044	0.055814839162448074	0.05805694459635053	0.059391053962933364	0.061085009891894256	0.054169073200407765	0.05721534541383546	0.06037158396893064	0.06157552938964305	0.06336646366892208	0.05354108933953516	0.05617386170819753	0.05870425265376708	0.06071330069132209	0.06327875828571589
moss_0.06_8x_30	0.0	0.0	0.0	0.0	0.0	0.0	0.0	0.0	0.0	0.0	0.0	0.0	0.0	0.0	0.0	0.0	0.05119358805104774	0.05232243216323946	0.054173175378587	0.055533787377827916	0.056893684143089714	0.054298133838066635	0.056177618424231225	0.05836975509283951	0.05954528291310414	0.061218831394873864	0.0554422379310038	0.0583007107227457	0.0609903119497899	0.06206840728235107	0.06364223787945313	0.05483317882058584	0.057231629644006216	0.059864234763568155	0.061222129548486603	0.0636097396089535
moss_0.0_1x_17	0.05405035419586261	0.055131776520171	0.05503051131852319	0.055988414085277056	0.056926726322552273	0.05832966659826811	0.059719495001963496	0.0599667076286394	0.060418564263741995	0.06216870853292383	0.06328601756043509	0.06442254768261702	0.06170851263999498	0.06516819904553468	0.06551435935416935	0.06681873732147592	0.0	0.0	0.0	0.0005427597981351931	0.0010179064728108136	0.0006349486978054068	0.0	0.001700542921448876	0.002539533626387951	0.004167628466913087	0.0020067184545346276	0.003597284273533267	0.00569914129252723	0.006680149549622178	0.00822586286334161	0.005023744952233159	0.00709444560455626	0.008519231425479584	0.009507591844975884	0.01084557011194961
moss_0.0_1x_20	0.05445117018786693	0.055726550197661234	0.05502022779919374	0.05560482518371257	0.05541427840471841	0.05529767529980118	0.055431944473947954	0.055431112016524786	0.05507851355355047	0.05507697341890025	0.05536140724169583	0.05558407111386115	0.05352766346906697	0.05500115612872637	0.05508709016328927	0.05543278311751216	0.002836949608917386	0.0	0.0007901202910622171	0.0008290601868982486	0.0011263867433074879	0.0017755730116921341	0.0006106440452179251	0.0010669653914947021	0.0013621053858266284	0.0019844555178082065	0.0013052106743170909	0.001287368528055584	0.002052593588393389	0.0019648795995118183	0.0025369447873957113	0.0014884138433869016	0.00143815394165838	0.001797182638686146	0.0020511636956036567	0.002240630160013103
moss_0.0_1x_23	0.0568758250385363	0.057230595323769104	0.05699356971105626	0.05756184415466611	0.05738815142371395	0.057763604415473555	0.05826949547360583	0.05779056980687383	0.0578305321463553	0.05829098982646912	0.058402974357636736	0.058592563336142	0.057002021152743255	0.05822147405499064	0.0580483865125351	0.058525659624132635	0.0024723596660268126	0.0005459139733319083	0.0	0.0	0.0	0.0014602944153225392	0.0	0.0	0.0	0.0006587977576954038	0.000990810729165444	0.0	0.0005780067908121775	0.0006869404514385441	0.0010042739551331015	0.00130331098431361	0.0008924157619912161	0.000907819038517962	0.000908626903402354	0.0009894041750444186
moss_0.0_1x_25	0.05736164726244324	0.05786409038257853	0.05777786464946664	0.05827306158866514	0.05781619277715788	0.0587110465691181	0.05842299898186852	0.058543558332786405	0.05923215127474338	0.05946129897028174	0.059173045959538775	0.0592742029520468	0.05768324066937922	0.05911949676452038	0.059146920075841984	0.059469703371404684	0.0030590874486449223	0.0	0.0	0.0	0.0	0.0014294798108404646	0.0	0.0	0.0	0.0	0.0006336881494339943	0.0	0.0	0.0006457612294537787	0.0008156582920850313	0.0013121299468650278	0.0007448932454110357	0.000768159171754967	0.000747322842538936	0.0008832319079963627
moss_0.0_1x_30	0.05790532183111193	0.05870260093486439	0.05868853347555139	0.05913903173843326	0.05891493290938541	0.059260024388776866	0.05921755493993052	0.05943431795030745	0.05990355024729752	0.05992777612765537	0.05989424680692264	0.06017316710675787	0.058758050919595274	0.06024211795055357	0.06009407755987535	0.060328019384023455	0.0030047594440123873	0.0	0.0	0.0	0.0	0.0015350199349078641	0.0	0.0	0.0	0.0004913439978041252	0.0015183696565522254	0.0004742583581799648	0.0008120798309500727	0.0009816645142820637	0.0010390134425010556	0.002170354652934066	0.0018245732623503978	0.0013828785537830682	0.0012812107794395072	0.001276950110958036
moss_0.0_2x_17	0.054912990697752684	0.05623368835927134	0.055377804703157965	0.0564727178678083	0.05579060624386898	0.057316606753673956	0.05733290504925782	0.057720418024262476	0.056787442536732985	0.0581450925440015	0.058808378371340876	0.05942918112355709	0.05585457759353077	0.05794200939854589	0.0585228122072081	0.0597464939056066	0.0027217462893667412	0.0015049888173337739	0.001855683039385097	0.0021136073161957	0.0026254379138837846	0.0	0.0022252300188375634	0.0029843364162387216	0.0038795079978161473	0.004839811641970866	0.0029236657830153533	0.003732297272843701	0.0051474337259296826	0.005718065385682827	0.006782928657772706	0.003975667226074494	0.004740801735541338	0.005470235641698969	0.006084838368774311	0.0070165544987808364
moss_0.0_2x_20	0.05602978703558646	0.056484110433522604	0.05672972233164452	0.05672880319211885	0.05678254818048054	0.05737437057509364	0.05779925482240383	0.05785104258785933	0.057550934718976605	0.058008588131873186	0.05831258235454363	0.05849196178694228	0.05620103632084798	0.05791375191596941	0.058118611270814156	0.058609575912269986	0.0024055478518016146	0.00047406592211384483	0.0	0.0	0.0010300596066982945	0.001513940268572965	0.0	0.00046470026855206353	0.0009701973572941485	0.0016282366773415346	0.001390559744050338	0.0009567375520678199	0.00162175038045551	0.0018640045874768853	0.0024668930065146143	0.0019606216050855707	0.0015755767706628666	0.002027637277600057	0.002105429702070566	0.002337639066742124
moss_0.0_2x_23	0.05735948735042812	0.05775006422959646	0.057895023686774405	0.05766808717431109	0.05831899138628583	0.05857860772051542	0.05862979125488716	0.05864122630482132	0.05848433290461462	0.05924651842674998	0.05916455421336095	0.059681502845262704	0.0577894744673253	0.05902502935887955	0.0592002261248459	0.05970350097289111	0.002595918464778426	0.0	0.0	0.0	0.0	0.0012433597203990265	0.0	0.0	0.0	0.0007111312605725308	0.001069267941583506	0.0	0.0009092139625440036	0.0010670873755874255	0.0013946941793596766	0.0014174726200613154	0.001299763302391473	0.0013749249565674054	0.0013184251992147556	0.0013692889213379907
moss_0.0_2x_25	0.05821614039994772	0.058334795817478746	0.058511667688086445	0.05875495687768545	0.05900778227263669	0.059461346532094256	0.05955879311120396	0.05977570869671403	0.060028745937411254	0.06046601306907466	0.06055378561683775	0.06080148716258795	0.05899697848729468	0.06070706878806595	0.0607593104477973	0.061141091850502774	0.0027637611264362347	0.0	0.0	0.0	0.0	0.001643293783346763	0.0	0.0	0.0	0.0	0.0013398546278426792	0.000479872748704193	0.0009908260089207873	0.0010499252619860515	0.0013730407685935905	0.002234041277938543	0.0019034517348639284	0.001775061722721359	0.001661072400263181	0.0016004592914849395
moss_0.0_2x_30	0.059438053204204984	0.05970566425503162	0.05953100603893001	0.06001342465541113	0.06043892388351623	0.060834136920979213	0.06100703683700567	0.06089971187667644	0.06111080368037815	0.061805146563069686	0.0621009473226042	0.06234179532118859	0.06093753321445372	0.06231718162453446	0.062280910742871134	0.06271897356272971	0.0034659499960246103	0.0006848500197306761	0.0	0.0	0.0	0.002040841466914345	0.0	0.0	0.0	0.0	0.0016108806613965127	0.0009363805441797978	0.0013369040265449666	0.0013930048395473782	0.0016732974013394985	0.0025893045090117	0.002434981166072077	0.00238632283841287	0.002235811766300452	0.002138398424709081
moss_0.0_4x_17	0.054955732649612614	0.056332792019032255	0.05571785067601936	0.056681832759637035	0.05528784601912712	0.057197203071040016	0.0576150480365136	0.05819641551823558	0.05671305713418743	0.05814761957722655	0.05861248519889324	0.05965249271061094	0.05647028907607809	0.05784489606910872	0.058508974385754316	0.05998081073524102	0.003186918072013956	0.0018451160056503827	0.0025372977407583995	0.0025349777090283455	0.0036794172170845686	0.002721311113374131	0.002824856983417806	0.0037834764693639457	0.004513958658833105	0.005364351103661838	0.0	0.004085669919525091	0.005713876794753115	0.0065181333618792555	0.007560567607156698	0.0041242001179804064	0.004822414955041436	0.0061630665236580345	0.0068009053151532	0.007733224770266386
moss_0.0_4x_20	0.056469692833831395	0.05727204595900654	0.05731397384724716	0.058048881136119695	0.057535334503009926	0.05847549279521055	0.05871334158179569	0.0591729441895926	0.05782272719286891	0.058884058662253456	0.05950890460609796	0.060168808586390815	0.05712068538854433	0.05876345081968822	0.05902174650687831	0.06024127538678621	0.003021162695768325	0.0010811191655969226	0.0008522656783647974	0.0009808657300825762	0.0014884816253641396	0.0017326956868667913	0.0006342706975143975	0.0010928183134816093	0.0014544005246181196	0.002214453668763358	0.001310260158719775	0.0	0.0022306661177734772	0.0026384666373633647	0.003203265023867403	0.00201443689951866	0.0016202181423432937	0.0024521950934857876	0.0026452030473991615	0.0030742230538399313
moss_0.0_4x_23	0.057820277306322	0.05817302369424231	0.05799814992955218	0.0582682818694037	0.057843285755364376	0.05833521665656925	0.058953007207176465	0.0588544131274112	0.058060519764503125	0.05854915227804	0.05884532505131341	0.05912329461262538	0.05657413887636866	0.058083293289404404	0.05831738116365484	0.05901814182228607	0.0031303630539579576	0.001187457995421162	0.0005797512480449449	0.000614201731190725	0.0009956389706292951	0.0018725356821597742	0.0004150097805251197	0.0006776745319580259	0.0009143508406909423	0.0014030981988921182	0.0014211970896428738	0.000987519195477303	0.0	0.0016248368004654593	0.0019376520063800154	0.0019302998118027421	0.0014112685357613316	0.0016350246036391913	0.0016252875274516707	0.0016450231631399215
moss_0.0_4x_25	0.05826520377101951	0.058355753422511425	0.05850144300628932	0.05875840177160024	0.058413030997089624	0.058822786606213255	0.05933944933037648	0.059203760087119514	0.05834243639371969	0.05892553213690678	0.059164306501259895	0.05948942996416135	0.05731146782866149	0.05862391137403886	0.058728520891312426	0.059342150570569206	0.0032771959350346427	0.0008595279183368017	0.0004183771146812001	0.0005414654012995787	0.0008616646576594704	0.0019402637562700752	0.0	0.0005247280471671163	0.0006513276312358874	0.0011109045998921295	0.001657414602039766	0.000994437688592121	0.0013215949151346598	0.0	0.0016768105366182767	0.0023809676913720958	0.0015236588648582753	0.0016880297514183227	0.0014925115295946992	0.0015142712370110516
moss_0.0_4x_30	0.05869680034688552	0.05912510571885397	0.05919268520823537	0.059179191807067856	0.059466330858935136	0.059762765234956446	0.05993543533442225	0.059725714551746634	0.05962327457982286	0.059916782269729046	0.060017338585285226	0.06029851894885964	0.058466566560768415	0.05998871943697413	0.059883521659849476	0.06039937271622417	0.0035444417872621346	0.0011232625953188759	0.0004443068672030851	0.0004535482444663556	0.0006683025293263977	0.0023268402199660104	0.0006062924775042809	0.0006427305099023601	0.0007554480199011206	0.0011755503814991541	0.002044478776734791	0.0013168033583963914	0.0016579619243751642	0.0017390698849276726	0.0	0.002665243394698323	0.002352682460142363	0.002224418900179666	0.002093635193095188	0.0020342619439532674
moss_0.0_8x_17	0.05484319007255454	0.055383216137749054	0.05532178047927333	0.056399456937525724	0.054788801851023916	0.056630640241221296	0.05667412392948943	0.057952305817280454	0.05569407359010146	0.056975919955473485	0.057716387316602044	0.058654325494110676	0.05470525616961162	0.05667862760835204	0.05726771829208045	0.05859474386776697	0.004633089546711531	0.0036520258015061585	0.004495707460016252	0.004860318265170411	0.00592022892698316	0.004003660866594166	0.004410233718836828	0.005285897310115201	0.006395745374195005	0.007272607937826507	0.003868803754881255	0.0050895253661729116	0.00690805142050415	0.007994781631249611	0.008916376913550298	0.0	0.004531559752624227	0.006411909064056784	0.007254852934671676	0.008512628520218777
moss_0.0_8x_20	0.051214432083961946	0.0514856156889603	0.05039982628010191	0.05182461724536986	0.04765404085159819	0.04851880482904281	0.04835409745975039	0.048356924688256225	0.0444298004382897	0.044711492693798593	0.044891047753005356	0.04543848705362978	0.04151495657937956	0.04257725396638617	0.043002113789239654	0.04379453063438594	0.0036572681133105684	0.0021645860304097286	0.0022001805417888073	0.00220478240008981	0.002960463300790991	0.0010446957470551493	0.0	0.0	0.0004580536671086434	0.0007306952156923615	0.0	0.0	0.0	0.0	0.0	0.0	0.0	0.0	0.0	0.0
moss_0.0_8x_23	0.05692014707444588	0.056671371253152775	0.056490773495588294	0.05689775980566075	0.05580203527815616	0.0566819622311029	0.056639475543404406	0.056671980888777014	0.055343688242299356	0.05601876852846194	0.05628458754780741	0.056995795259113705	0.053585938096171536	0.055214217035807055	0.05524339927426928	0.056332495193371676	0.0028649910735301606	0.0009826552703132954	0.0007428594837771817	0.0007801085886656352	0.0012703194796291923	0.0014155332871272999	0.0004953464976648541	0.0007715808369895	0.0011226213553492451	0.001681551869115301	0.0009902031456378785	0.0006300061211001271	0.001214549366427751	0.0015315949612253275	0.001841886534556269	0.0009770589930395313	0.0	0.0	0.001029116843953714	0.0011295842667613128
moss_0.0_8x_25	0.05710909657725479	0.057482121530783054	0.05700200024616155	0.05766471085536328	0.05683073937957636	0.057442523564805816	0.057828194782992434	0.05765084106972861	0.056275949186552585	0.05706374412723625	0.05724867007959397	0.05783630561902377	0.054423886065105335	0.05604501684822732	0.05666353939035152	0.05715767427748234	0.0029538268757236456	0.0009649069004823853	0.0005015397741107905	0.0005211684633164999	0.0009284351001856324	0.0015077120036895094	0.0	0.0005105584627454357	0.0008054648846636909	0.0013258868736507187	0.0010696836459774689	0.0005753049103186281	0.0011167640002184805	0.0012694155414224916	0.0016329654375483117	0.0011738931825421887	0.0007645042940402925	0.0010686984148658783	0.0	0.0011823920461877656
moss_0.0_8x_30	0.05773668861358877	0.05805762917071961	0.05813036578306427	0.0582020255679611	0.05797301920927756	0.05841149411417092	0.05864605867022418	0.05865674423678789	0.05788700844228164	0.05848904258321437	0.05859604209736195	0.059074003601470804	0.05635674734910004	0.05786801462188412	0.05811629956994283	0.058684323495970386	0.003044033700684251	0.0008748020759454771	0.0	0.0004285218401426199	0.0007180775353815138	0.0017443551854204552	0.0	0.0004719621276502734	0.0006783003829757419	0.0011785393214405707	0.0012885387422366644	0.0008473398264200843	0.0013082665680365132	0.0015065963505476974	0.001805509506992917	0.0015410220511276175	0.0014248187683448355	0.0015656671838210098	0.0016000782493460488	0.0
