rotifer_0.01_8x_20.hist	90518021	2153710	419768	162885	80257	50408	52757	25919	21084	24119	12961	6391	8750	9883	5113	3911	6203	4795	927	2283	4311	2116	916	915	1955	3144	709	227	221	3105	919	272	107	11	1706	1134	325	176	34	0	728	679	359	133	21	6	508	811	269	160
rotifer_0.01_4x_23.hist	90615621	2254247	399079	162382	76874	48378	50059	39499	15551	17790	19089	9413	4272	7053	8751	7417	4274	1780	1648	4057	3630	1133	490	644	1375	4401	2410	775	257	127	60	119	3532	406	128	7	1	0	788	1632	543	221	116	42	6	1	944	313	103	1023
rotifer_0.01_8x_23.hist	90300831	2079155	413797	159269	80415	49941	41292	36885	17484	20000	16323	8049	6791	10770	5572	3695	5861	2441	2929	3786	2455	766	1628	3165	867	994	2365	760	252	125	2510	1312	524	59	17	0	432	2064	411	21	6	1	13	1389	230	75	33	10	2	1143
rotifer_0.001_1x_23.hist	85710030	2821914	498303	209684	110871	66983	47918	23542	21979	25143	29328	33139	15042	8314	4301	1367	862	1150	2420	5956	11250	11962	5182	1515	88	47	9	2	0	0	0	0	1282	3845	7791	485	138	74	13	0	0	0	0	0	0	0	0	0	0	6775
rotifer_0.01_2x_23.hist	90516382	2015045	399483	155874	81424	48747	28780	25708	38831	25348	12272	6051	3608	5956	7389	10692	7298	3040	482	261	433	708	3366	6544	1023	567	127	39	12	5	4306	1278	510	57	17	0	0	0	3161	696	231	93	48	17	1	0	0	0	0	2542
rotifer_0.0_8x_23.hist	85542064	3069296	615313	238073	119306	74818	55356	49448	36826	23305	27183	13405	11654	15530	8035	4989	7913	10562	2317	3386	6396	3604	1560	2874	3723	2067	465	1241	3451	1724	510	150	1696	2484	789	48	12	879	3204	177	58	22	11	2188	702	233	103	33	10	1884
rotifer_0.01_1x_20.hist	89517487	1831079	395632	146034	81886	51340	70152	42291	16651	8491	4749	5366	7460	12316	15280	4861	2801	1166	1411	3473	6559	3542	1533	447	25	13	1	0	0	0	1248	2495	5249	604	191	10	2	0	0	0	0	0	0	0	0	0	0	0	0	4494
rotifer_0.001_4x_20.hist	87559673	3338435	623376	241242	128188	77809	55689	49745	48622	24796	12895	14571	20257	14394	7447	3760	5963	7959	4321	2351	4423	7241	4093	1196	253	808	1923	5128	2615	1306	386	113	44	4	2667	2497	716	390	77	3	241	1927	1022	382	62	19	7	1	0	3326
rotifer_0.01_2x_25.hist	90541875	2147300	438035	162259	89755	55842	41812	20542	18779	21482	25058	12357	4743	2975	3690	5339	8468	9317	1481	805	521	182	864	1680	3589	4958	1118	359	118	58	16	3	802	2407	2288	142	39	20	3	0	763	672	355	132	21	6	1	0	0	2778
rotifer_0.01_1x_25.hist	91655876	2033446	459090	163536	89808	56733	53863	45479	17906	20484	14076	6941	3207	5294	6567	9503	11252	4687	744	404	261	121	573	1114	2381	7619	2613	840	279	138	40	10	3	0	203	3169	910	495	98	4	0	0	0	0	0	0	0	0	0	4492
rotifer_0.001_4x_25.hist	86184775	2992794	573200	226886	110540	69733	78289	38463	26283	30067	28344	13977	6839	11292	14010	8653	4987	2331	4907	8641	5604	1750	757	915	1955	6256	1411	453	150	74	3225	2507	1002	114	35	1	2743	2668	532	28	8	2	0	0	0	2460	1285	427	141	83
rotifer_0.001_8x_20.hist	86165564	3091667	589178	233130	113861	71713	75127	36910	34155	34310	16611	18769	10400	9628	11946	8620	4968	3091	6508	6180	4007	1251	3366	4958	290	622	1479	3944	2012	1005	296	87	1167	3501	1113	68	18	170	3207	177	58	22	11	1417	849	282	125	40	12	2208
rotifer_0.001_4x_23.hist	86210369	3323087	579947	236713	113303	71394	71243	61616	24260	19878	23186	26199	12121	6699	5905	8544	13553	5646	897	2089	3945	6458	5867	1716	232	741	1763	4702	1578	788	232	68	26	2	6871	428	122	65	12	0	0	759	2507	939	155	50	21	6	1	2509
rotifer_0.001_8x_23.hist	85914707	3004634	592299	229762	114644	72035	65323	40350	37313	23376	24022	11846	15996	12299	6363	7593	10629	4428	2613	6432	4171	1302	3077	5983	471	452	1076	2869	2201	1099	769	1537	613	513	3666	228	64	34	5	1644	1608	658	348	129	20	5	735	1538	511	306
rotifer_0.001_1x_20.hist	86237863	4828958	594053	251642	139561	86962	102397	50308	19807	10101	10739	12134	16869	27853	24521	7801	4496	1872	296	460	869	1421	6752	13127	771	427	95	29	8	3	88	175	13280	1531	486	29	7	3	0	0	0	0	0	0	0	0	0	0	0	8352
rotifer_0.0_4x_25.hist	85640549	3215174	607319	240425	116949	73908	78472	57416	22606	23984	27976	16980	16905	9344	5008	7246	11492	9831	1563	1993	3764	6162	6349	1856	108	330	786	2097	5044	2521	746	220	87	9	3840	1047	300	162	31	0	2723	1158	613	229	37	11	4	0	0	3193
rotifer_0.0_2x_20.hist	86497678	3787742	724342	267192	150266	94365	105665	51914	20440	17805	20768	23467	20969	11590	5996	4827	7656	10219	9281	5052	3276	1022	442	544	1163	3721	8855	2850	949	473	139	40	15	0	0	363	6123	3338	666	36	11	3	0	0	0	0	0	0	0	6087
rotifer_0.0_4x_23.hist	85885005	3332154	604463	245583	116202	73623	72077	64385	25350	24735	28852	21111	8104	8889	11028	12384	7138	2973	2086	5134	9697	3708	1605	468	756	2418	5756	2311	769	383	112	32	2602	3738	1188	73	20	9	0	2892	963	393	208	77	11	220	1935	644	213	933
rotifer_0.001_2x_20.hist	87094964	3496343	685734	252141	141366	88629	87750	43112	18185	20803	24265	27418	18942	10470	5417	3596	5704	7613	10393	5657	3668	1145	495	458	977	3128	7443	2989	995	496	146	42	15	0	0	1967	4893	2668	532	28	8	2	0	0	0	0	0	0	0	5260
rotifer_0.001_2x_25.hist	85978783	3049424	554876	227001	109532	67693	52375	46785	53997	27537	13332	6820	9481	15653	19421	9231	5320	2216	804	1978	1553	2541	12071	7521	441	244	54	16	4	1	1144	2287	4604	530	167	9	1	530	5173	286	94	37	19	6	0	0	0	0	0	4239
rotifer_0.0_8x_20.hist	85442633	3314991	610003	243581	118446	74717	81486	40034	30839	35279	22157	12886	17914	9902	7542	10913	7411	3087	6407	5827	3778	1564	7429	2172	555	1777	3195	1028	341	1238	3824	1135	453	51	15	2618	2098	1143	227	11	2	1011	1505	563	92	29	12	3	0	3059
rotifer_0.0_2x_25.hist	85511990	3188955	579122	237261	115042	71005	54402	48596	56791	28962	14021	7887	10964	18103	19905	6332	3649	1519	1475	3631	6859	10771	4666	1364	79	242	575	1534	4019	2008	1224	2448	978	111	34	1	0	0	2028	3040	1012	413	218	81	12	3	0	0	0	4977
rotifer_0.01_4x_25.hist	90684698	2115811	414383	159722	81060	50612	40597	20496	30959	23275	11268	5556	7724	12752	7241	2303	2655	3543	5650	3075	1993	622	2111	2716	403	1290	3070	1861	619	308	90	25	9	0	4111	558	159	86	16	0	0	0	1746	654	108	35	14	3	491	798
rotifer_0.01_8x_25.hist	90379000	2087879	410144	158755	79266	49654	42545	26630	30644	15627	11296	12764	9819	5427	5046	7302	4549	2100	4421	2406	1559	1013	4814	1654	171	548	1305	2481	826	412	571	1141	823	942	298	17	4	2180	435	23	6	1	1120	454	74	23	9	2	0	1565
rotifer_0.01_1x_23.hist	89610336	1900023	420828	152733	85943	53987	66250	43603	17167	8754	6352	7177	9978	16474	12089	3845	2215	922	243	597	1127	1844	8760	2562	149	82	17	4	0	0	3568	4701	1879	215	67	3	0	0	0	0	0	0	0	0	0	0	0	0	0	4925
rotifer_0.001_8x_25.hist	86046698	2931465	587394	226385	114245	71601	52540	46932	30965	29926	20441	11820	16433	14177	7335	4343	6887	9194	1779	4378	6303	1968	1350	2624	4101	2277	513	436	2639	1318	1111	2221	1526	175	54	240	2671	1456	290	15	4	807	1728	647	106	34	14	3	859	1639
rotifer_0.01_4x_20.hist	91530466	2305498	442575	167174	90339	55401	30175	26954	37785	19269	9328	6118	8505	14042	7265	2310	2607	3479	5607	3052	1978	617	871	1692	3616	2914	657	210	69	33	1430	2859	1530	175	54	2	0	0	0	1025	1442	590	312	116	18	5	1	0	0	1925
rotifer_0.0_8x_25.hist	85418132	3036595	612000	234890	119942	74651	69356	37180	44026	24488	19600	22147	8501	10532	13067	7648	4408	3795	7988	5146	3337	4313	3559	1040	1177	3767	2664	857	284	1813	3417	1014	404	45	2079	970	277	150	1792	1339	445	181	95	1168	1035	344	153	50	15	1544
rotifer_0.0_2x_23.hist	85648132	3301415	625959	242720	123402	77123	74306	66376	29726	15159	17681	19979	27411	15152	7839	2493	1683	2246	4728	11638	10632	3321	1438	419	23	54	128	342	8726	4362	1291	382	152	16	4	0	0	0	5039	1180	392	159	83	30	4	0	0	0	0	4916
rotifer_0.0_1x_23.hist	85779674	3610476	692822	255756	144261	90741	99267	70018	27568	14059	9423	10647	14802	24440	20001	6363	3667	1526	284	700	1321	2162	10271	14665	861	477	106	33	10	4	0	0	5108	5617	1786	110	30	15	2	0	0	0	0	0	0	0	0	0	0	9157
rotifer_0.001_1x_25.hist	85075713	2697378	491460	205505	106564	63429	29798	26617	40204	45993	30913	15244	5851	3233	2279	3296	5228	6979	14692	9980	6472	2021	875	255	14	6	0	0	0	0	1139	2277	11937	1376	436	26	6	2	0	0	0	0	0	0	0	0	0	0	0	6137
rotifer_0.0_1x_20.hist	87246697	3363034	754043	267074	145080	92509	60392	53946	81486	41557	20119	9921	3808	3566	4424	6400	10152	13551	13880	7556	4900	1530	662	192	10	4	0	0	0	0	10148	7857	3142	361	114	6	0	0	0	0	0	0	0	0	0	0	0	0	0	8196
rotifer_0.0_4x_20.hist	86755578	3578025	647635	251803	133987	81314	57018	50933	47976	24467	16029	18112	20345	11245	5818	8036	12745	6605	1049	1968	3717	6085	7536	2204	128	70	14	3	7396	4109	1216	360	143	15	3	0	0	5969	1192	65	20	7	2	0	0	0	994	2511	836	500
rotifer_0.01_2x_20.hist	91468365	2155188	442397	164593	90547	56151	43410	21327	13399	15327	17878	20201	12764	7055	3649	1160	932	1243	2617	6442	7771	2427	1050	306	133	427	1015	2706	2502	1250	369	108	42	3	0	0	2132	2592	517	27	8	2	0	0	0	0	0	0	0	2786
rotifer_0.001_2x_23.hist	86105463	3182405	616084	234089	126231	77304	61807	55211	43395	22130	10714	10991	15281	21628	11191	3559	2051	2137	4498	11073	7181	2243	971	486	1039	3324	6590	2121	706	352	103	29	10	0	0	2963	3894	2123	423	22	6	1	0	0	0	0	0	0	0	5256
rotifer_0.0_1x_25.hist	86481321	3706106	713598	264025	148111	92886	109505	54633	21510	12323	14373	16241	22578	21841	11301	3594	2071	1225	2578	6344	11983	9605	4161	1216	70	38	7	1	0	0	0	0	11322	3463	1100	67	18	9	0	0	0	0	0	0	0	0	0	0	0	7874
rotifer_0.0_8x_17.hist	21355210	539566	71802	29422	14276	8662	5609	5009	2794	1602	1867	2109	1908	1054	544	369	585	780	476	258	245	401	173	49	17	53	126	337	172	85	24	6	1	0	198	162	45	24	3	0	0	0	0	0	0	0	0	0	1149	688
rotifer_0.0_2x_30.hist	6202343	86242	19498	6558	2905	1838	364	324	489	556	268	131	49	26	12	3	5	5	11	26	16	4	0	0	0	0	0	0	0	0	0	0	0	0	0	0	0	0	0	0	0	0	0	0	0	0	0	0	0	0
rotifer_0.01_2x_17.hist	6260447	0	0	0	0	0	0	0	0	0	0	0	0	0	0	0	0	0	0	0	0	0	0	0	0	0	0	0	0	0	0	0	0	0	0	0	0	0	0	0	0	0	0	0	0	0	0	0	0	0
rotifer_0.001_2x_30.hist	5996673	55190	7567	3209	1738	1067	1568	769	302	153	73	35	19	30	37	52	51	20	2	0	0	0	0	0	0	0	0	0	0	0	0	0	0	0	0	0	0	0	0	0	0	0	0	0	0	0	0	0	0	0
rotifer_0.0_4x_30.hist	6085668	65616	13821	4801	2487	1523	773	379	148	167	194	218	118	64	32	9	4	1	1	2	4	5	2	0	0	0	0	0	0	0	0	0	0	0	0	0	0	0	0	0	0	0	0	0	0	0	0	0	0	0
rotifer_0.001_1x_30.hist	7511845	80589	12454	5285	2867	1762	2914	1431	562	285	137	110	153	251	252	79	44	17	1	0	0	0	0	0	0	0	0	0	0	0	12	2	0	0	0	0	0	0	0	0	0	0	0	0	0	0	0	0	0	0
rotifer_0.01_8x_17.hist	6235601	0	0	0	0	0	0	0	0	0	0	0	0	0	0	0	0	0	0	0	0	0	0	0	0	0	0	0	0	0	0	0	0	0	0	0	0	0	0	0	0	0	0	0	0	0	0	0	0	0
rotifer_0.06_8x_25.hist	99105990	674170	88421	35623	16265	10160	4913	2412	2033	1282	1049	1185	543	301	372	473	271	147	309	167	107	35	167	248	13	6	8	21	200	99	28	7	6	19	68	3	0	0	0	70	22	8	3	0	13	8	3	0	0	0
rotifer_0.06_1x_23.hist	100464693	837020	78018	30127	17319	11000	3842	3431	5096	2598	1256	618	236	129	66	63	100	132	278	684	605	188	80	22	0	0	0	0	0	0	0	0	61	184	214	12	2	0	0	0	0	0	0	0	0	0	0	0	0	56
rotifer_0.06_8x_30.hist	99254455	632927	105210	39608	18956	11763	3252	2904	2033	1586	1357	668	323	533	661	275	158	138	290	267	172	52	34	65	138	187	41	12	26	39	10	2	164	47	14	0	0	0	16	68	21	7	3	0	0	0	0	0	0	0
rotifer_0.06_1x_25.hist	101158212	851736	120718	41814	21463	13494	5415	4836	2321	1183	571	280	260	428	530	766	859	356	55	29	43	69	329	210	11	5	0	0	0	0	0	0	0	0	362	21	5	1	0	0	0	0	0	0	0	0	0	0	0	76
rotifer_0.06_2x_20.hist	99162752	800363	79767	32035	17605	10910	6577	3230	1271	647	726	819	1138	1341	693	219	125	51	7	9	16	25	119	231	493	273	60	18	5	1	0	0	0	0	0	129	69	36	6	0	0	0	0	0	0	0	0	7	37	21
rotifer_0.06_1x_30.hist	99517115	811778	78904	31301	17601	11052	6356	5676	3098	1579	763	375	143	201	249	359	568	758	119	64	40	11	15	28	60	191	324	103	33	15	3	0	0	0	0	0	0	180	35	0	0	0	0	0	0	0	0	0	0	18
rotifer_0.06_4x_20.hist	99956750	756885	80057	32857	17181	10294	3125	1582	2389	2427	1174	578	240	395	489	707	470	195	30	46	87	142	319	92	4	5	12	33	216	107	30	8	2	0	0	0	0	56	169	8	1	0	0	0	0	0	0	0	0	13
rotifer_0.06_1x_20.hist	100891384	867563	83441	32911	18552	11665	6503	5808	4138	2109	1020	502	191	105	53	62	97	129	271	668	432	134	57	15	0	0	0	0	0	0	0	0	440	105	32	1	0	0	0	0	0	0	0	0	0	0	0	0	32	31
rotifer_0.06_2x_25.hist	99545315	790765	76205	30090	16915	10620	5693	5084	2001	1019	492	277	385	634	786	778	447	185	28	14	8	5	24	46	99	316	289	92	29	13	3	0	0	0	159	8	1	0	0	0	0	0	0	0	70	22	9	2	0	0
rotifer_0.06_4x_23.hist	99247599	751515	77914	31775	16912	10265	3632	1783	1774	2028	1322	651	335	552	684	243	139	57	107	264	498	154	66	18	7	22	52	139	192	95	27	7	1	0	0	0	56	114	21	0	0	0	0	0	0	0	29	8	1	0
rotifer_0.06_2x_23.hist	99303420	793042	78545	31453	17402	10828	7673	3769	1483	755	365	412	572	944	876	277	159	65	12	30	57	92	438	437	24	12	1	0	0	0	30	59	242	26	7	0	0	0	0	0	0	0	53	39	5	0	0	0	0	0
rotifer_0.06_4x_25.hist	99233337	719946	80027	33163	16709	9840	2480	2214	3344	1830	885	464	645	706	364	160	253	337	241	130	83	29	138	267	35	18	3	0	10	150	183	53	20	1	0	0	0	0	83	36	11	3	0	0	0	0	0	0	0	86
rotifer_0.06_2x_30.hist	99363165	780974	75910	30117	16911	10611	5934	5061	1992	1014	490	478	664	1095	565	179	102	51	107	263	497	154	65	18	0	0	0	0	0	0	181	213	84	8	1	0	0	0	0	0	0	0	0	0	0	63	70	22	6	2
rotifer_0.06_8x_20.hist	99166967	663785	90881	36551	16581	10397	5523	2926	1476	1687	1028	1160	732	404	208	240	380	476	74	71	133	217	134	38	21	68	162	51	16	88	59	16	5	0	0	104	28	14	1	0	0	35	18	5	0	0	0	0	0	0
rotifer_0.06_4x_30.hist	99270852	697416	78384	32675	16779	9907	3217	2873	2951	1504	727	614	853	889	459	145	82	94	198	336	217	66	27	52	112	159	34	10	2	0	246	89	34	3	0	0	0	0	27	4	0	68	35	12	1	0	0	0	0	0
rotifer_0.06_8x_23.hist	99020998	662808	89320	35961	16378	10260	5588	2744	1525	1744	902	947	651	359	345	498	286	118	72	176	277	85	80	155	10	33	78	153	50	24	44	87	49	4	0	0	0	33	5	40	31	12	5	1	0	0	0	0	0	45
