sample	moss_0.001_1x_1	moss_0.001_2x_1	moss_0.001_4x_1	moss_0.001_8x_1	moss_0.002_1x_1	moss_0.002_2x_1	moss_0.002_4x_1	moss_0.002_8x_1	moss_0.004_1x_1	moss_0.004_2x_1	moss_0.004_4x_1	moss_0.004_8x_1	moss_0.006_1x_1	moss_0.006_2x_1	moss_0.006_4x_1	moss_0.006_8x_1	moss_0.008_1x_1	moss_0.008_2x_1	moss_0.008_4x_1	moss_0.008_8x_1	moss_0.01_1x_1	moss_0.01_2x_1	moss_0.01_4x_1	moss_0.01_8x_1	moss_0.02_1x_1	moss_0.02_2x_1	moss_0.02_4x_1	moss_0.02_8x_1	moss_0.0_1x_1	moss_0.0_2x_1	moss_0.0_4x_1	moss_0.0_8x_1
moss_0.001_1x_1	0.0	0.0	0.0	0.0	0.002002212360523763	0.0019831401990427597	0.001333912389391802	0.0016506785924284265	0.0038506673189852253	0.00403061875865125	0.0031572373835354836	0.003476075592095341	0.006140039471187989	0.005728030854417464	0.005114762750664095	0.0050564851579060184	0.007953260593878395	0.0074024888003683354	0.006569495894864961	0.0066146259339583905	0.009682982415489257	0.009199930826938998	0.008356310837479234	0.008424570116854822	0.01843595919575774	0.017591030227751277	0.016705534850110344	0.016896018371302345	0.0	0.0	0.0	0.0
moss_0.001_2x_1	0.0	0.0	0.0	0.0	0.0021150322641459666	0.002034852223512909	0.0012913614433340027	0.0017252412101567154	0.003967960217236933	0.0039720829732755765	0.0031496811214778587	0.003457135220799462	0.006391771783903608	0.00579115593854221	0.005036410194828232	0.005203246752580213	0.008122850410486715	0.007462212251654632	0.006561996810396523	0.006724387642341216	0.010073137644826525	0.009533380613350564	0.008554842831043448	0.008697863501548893	0.01929143832249905	0.018119035511946387	0.01722741165396697	0.01759270925212222	0.0	0.0	0.0	0.0
moss_0.001_4x_1	0.0	0.0	0.0	0.0	0.0015601146635794857	0.0013263505765423631	0.0008575856440727993	0.0018119723441701082	0.003385566078516962	0.0033366430750091805	0.0027127950487380857	0.003688304161684186	0.005730787456125044	0.00504331203187494	0.004574220022805324	0.00526265826845761	0.007548282397809039	0.00687732857059024	0.006126170051942271	0.007037884706723534	0.009728540503358408	0.008988672438341073	0.008162167761677051	0.00896331250302817	0.018661439352817933	0.017724205625969026	0.016926964688998795	0.017599323414290616	0.0	0.0	0.0	0.0
moss_0.001_8x_1	0.0	0.0	0.0	0.0	0.0019748201953574828	0.0018282722131026594	0.0018972149516578967	0.003985616372655921	0.0036072740445834647	0.003775640063303027	0.003649581288636928	0.00564823652624994	0.00620365065370801	0.005519659120718141	0.005538252320226547	0.0073902928639347585	0.007894649469806695	0.007233032583899486	0.0071740679472025596	0.008973224576638787	0.00992076528052719	0.009396428153748016	0.009136701850748271	0.010811960542873325	0.019089054418030698	0.018428680015480536	0.017971427829065186	0.01957000419035483	0.0	0.0	0.0	0.0023509778208145155
moss_0.002_1x_1	0.001999534836468896	0.0021801426415874797	0.001595871517788754	0.0019486240169296267	0.0	0.0	0.0	0.0	0.005018576787116605	0.005293499175266478	0.00445484428943918	0.004721944976985432	0.007335345423765258	0.006912877543342246	0.006234274744378019	0.006239022456058983	0.009188858590543759	0.008641123540073797	0.007719327292566645	0.0077933678244192185	0.010829667702763918	0.010498237325215293	0.009748378094643101	0.0097382755411372	0.01955915152228638	0.018639072001850228	0.01803208378178469	0.018114118731629027	0.0009563695353596961	0.0009549338130818176	0.000817669706237734	0.001259795313875489
moss_0.002_2x_1	0.0019196548944739906	0.002032966849485234	0.0013169330557475628	0.001754593397129635	0.0	0.0	0.0	0.0	0.0049884341536379296	0.004957556471999852	0.0041978198418825795	0.0045135027426183765	0.007284910180726623	0.00671919357605096	0.005951605144723391	0.006155771124270862	0.00893636483042828	0.008381868569372765	0.007549554222702099	0.007760349969678308	0.010941464273195367	0.010501813282212547	0.009475830879921791	0.009672783369842394	0.019873386277614608	0.0188863399501924	0.018036749496000773	0.01831989794553841	0.0008904442567517069	0.000630057294902829	0.0005119124583588113	0.0009974677596058085
moss_0.002_4x_1	0.0013008235483877404	0.0012978001230571432	0.0008565749554884348	0.0018384073816223848	0.0	0.0	0.0	0.0	0.004431205032054643	0.004289289903316833	0.0036205176582868527	0.004478669618435875	0.0066013973390985576	0.005993237348885357	0.005505989741785869	0.006198530884628804	0.008280241555575423	0.007736748054079474	0.00698090463372729	0.00786043904128831	0.010571906239375541	0.009852201966281785	0.009060383896385847	0.009804577597542712	0.019596610180613934	0.018581181918415842	0.01781363283657155	0.01844533379331847	0.0	0.0	0.0	0.0010229964515909343
moss_0.002_8x_1	0.0016696010115201628	0.0017946395671225904	0.0018665123065489924	0.003983604208771429	0.0	0.0	0.0	0.0	0.004619242064471032	0.004681151404486289	0.004549152988951829	0.006514043388915381	0.006946988767001245	0.006394162896902647	0.006389498979782621	0.008077125784243485	0.008742787861323695	0.008112421082078883	0.008013036826627068	0.009770682783936238	0.01073822228300629	0.010325163223587727	0.009927533807381515	0.011566573292814214	0.019799612716524972	0.019035509979648507	0.01867357944761449	0.020069867458540273	0.0	0.0	0.001038544587197864	0.0031545820076929517
moss_0.004_1x_1	0.0038378057663050347	0.004082445416877538	0.0034579323501964117	0.003554696991943316	0.005008510404855089	0.005137270250848872	0.0045325129640833494	0.0045572857354084185	0.0	0.0	0.0	0.0	0.008885472653698389	0.008847659313109995	0.008066573373279397	0.007809234044500573	0.010789131449333744	0.010355460191259724	0.00949990561657164	0.009378486511257878	0.012608417355523713	0.01220411616082712	0.0113396174518158	0.011291207922083142	0.020649206665913845	0.020158020986231474	0.019237415150627137	0.019235895537058564	0.0029068504385716025	0.0028009672770978977	0.0027257902712192815	0.00294114778048952
moss_0.004_2x_1	0.0038961469409831734	0.003963226624791721	0.0033096081944457376	0.0036207784181670672	0.005123362107919966	0.004951079408239452	0.004260298178964871	0.004493637568449307	0.0	0.0	0.0	0.0	0.00900215603311401	0.00855659690970216	0.00778867949136365	0.007890243853748547	0.010711894333878182	0.010192440733316785	0.00933635790964013	0.009525187629768677	0.012829268167629544	0.012022135303992853	0.011111491464159748	0.011340527649944674	0.021002206788506853	0.020181467956510345	0.019508410595058367	0.019549914752081347	0.0027801748470106156	0.0025105768576959776	0.002481362972779009	0.002897201436057124
moss_0.004_4x_1	0.003067646484445211	0.0031543712293800714	0.0027011990231194244	0.003525652860916478	0.004332876547008839	0.004207391246047441	0.0036093100665093732	0.004397969210533142	0.0	0.0	0.0	0.0	0.008440772257648553	0.007792935722243313	0.007222727165435957	0.007857883899799079	0.010019246096878133	0.009370841392445112	0.008666688153401245	0.009526243811386939	0.012134208744671705	0.01140555513175587	0.010540940325612369	0.011217775741439569	0.0207496403041582	0.019889587360262494	0.019263674343929584	0.01971383520037762	0.001986506698868566	0.0017768602350401574	0.001792484039029375	0.002736997515583392
moss_0.004_8x_1	0.0035073307646720305	0.0035885413555579275	0.003793307693000927	0.005639087046269814	0.00476831901280001	0.004688048772877994	0.0046112838145872855	0.00650678121005687	0.0	0.0	0.0	0.0	0.008733442845622818	0.008202727159015353	0.008171863425940696	0.009786821838594618	0.010439977277850176	0.009836676792650564	0.009736299790449305	0.011464332830758536	0.012394159454567654	0.011946483936630786	0.011544987982139803	0.013161865469215356	0.021117097970158233	0.020521260929559696	0.019992029548367755	0.02143684756602392	0.002225482551992431	0.002278178650790693	0.0028932311212709473	0.004965633911844262
moss_0.006_1x_1	0.006103557470765724	0.0065597518635269365	0.005841065125474811	0.006103181198856183	0.007301531924543397	0.0074833151307860885	0.006737716317620049	0.0068414277538621756	0.008862270811503283	0.009259406697821033	0.008645101794522693	0.008619987652743777	0.0	0.0	0.0	0.0	0.012927108608513066	0.012610674483347236	0.011636939182019575	0.011561711957715	0.014810122374111723	0.014265296285207825	0.013459491961512995	0.013365404630848851	0.022815696476005395	0.02213040786514725	0.021514023022383404	0.021533476427281616	0.004800971672871185	0.005247333238701018	0.005030464018805984	0.005386552072632131
moss_0.006_2x_1	0.005530024949574708	0.0057712918449561845	0.004997525451814359	0.005289293726076814	0.006682472972583744	0.006702322922729891	0.005946779198585328	0.00613326816399	0.008569494229632291	0.008546275746919936	0.007758731533551496	0.007884265923857388	0.0	0.0	0.0	0.0	0.012447149430133789	0.011739490093976025	0.010922407362116813	0.010962044995693214	0.014303318535677168	0.013665502731779437	0.012851807384893249	0.012914438248424852	0.022270534881498924	0.021855782739856364	0.020890707623394334	0.021077219503034247	0.004403926444358441	0.004475164685453635	0.004250354413488413	0.004601212053220522
moss_0.006_4x_1	0.004963494631783232	0.005038421514663258	0.004550978767397031	0.005347183645838469	0.006056511078136336	0.005958828769132126	0.005484469764695211	0.006173602107333043	0.007849676451549183	0.007806799614891857	0.007216695234534341	0.007908293724580346	0.0	0.0	0.0	0.0	0.011684903491055056	0.011087746851927002	0.010338262095820953	0.011042404178632252	0.013771313919158956	0.013222100134414959	0.012431241323687654	0.012944584953249802	0.02213527378762326	0.02146625601597539	0.020810432326467575	0.021238161578463075	0.003763683761487179	0.0036923218873070526	0.0036743178779131136	0.004562245370439085
moss_0.006_8x_1	0.0050924308666470686	0.005391716092386746	0.00540591580528661	0.0073720714788899295	0.006288956006319471	0.006383129911284529	0.00637413354458585	0.008061270019046803	0.007883379066042301	0.00818882527377393	0.00810472443473502	0.009778501221870965	0.0	0.0	0.0	0.0	0.011850144803226575	0.011429766380464208	0.011285791242242478	0.012971228700905132	0.013962068350577912	0.013615369138776237	0.013278638285439959	0.014782010981225387	0.022496763844920227	0.022023050306380985	0.021527910671439627	0.022903260008764352	0.003781491997797616	0.003992326999126679	0.004601765216205235	0.006556476951706174
moss_0.008_1x_1	0.007886740527876418	0.008316368787742988	0.007677320370276883	0.007751546099089517	0.009124253747578746	0.009157654256944842	0.008433018863493555	0.008593221137994583	0.010734809756406961	0.010991310012004296	0.01023905829544437	0.010283527845467863	0.012895718754758994	0.01278671463605318	0.011953558934470865	0.011691559801771846	0.0	0.0	0.0	0.0	0.016033844177253655	0.016009278452250576	0.015190742411859966	0.014987598517823515	0.024246197381794808	0.023563234781635328	0.023109459721007853	0.022680945528212138	0.007005930132124269	0.00691601491935077	0.006792372524326373	0.007020114243569847
moss_0.008_2x_1	0.007141106146582613	0.007431039432800075	0.0068112871262977345	0.006929211526691869	0.00834681391345837	0.008354521010194108	0.007672485245895581	0.007779113172234136	0.0100224798539321	0.010172433779334881	0.00932398846831311	0.009451413059209015	0.012237048022294207	0.01173055365669164	0.011043458784304287	0.010999365965494988	0.0	0.0	0.0	0.0	0.01580261713014053	0.01533167573286417	0.014481599543085024	0.014476489231648133	0.023638550977218085	0.023539608290459542	0.022676531436869665	0.022650772932335972	0.00596894599306016	0.005971954789208918	0.00599135734324165	0.006166106852443456
moss_0.008_4x_1	0.006368673045920596	0.006558361791792051	0.006090492699114383	0.006922798117163148	0.007491688199521175	0.007551513352576004	0.006948385748933475	0.007738032145677919	0.009235583066756198	0.009349346144728776	0.008652809670705867	0.009416944124055008	0.01133957719229309	0.010949308545991816	0.01033033868384748	0.0109289849175046	0.0	0.0	0.0	0.0	0.015130327686734675	0.01471402526028004	0.013976135983600752	0.014397739851539613	0.02331853448997709	0.022776186176922765	0.02224908767322486	0.02256770783868083	0.005095838725684731	0.0051290499037379466	0.005254564981193262	0.00603465525753112
moss_0.008_8x_1	0.006651536577358894	0.006958561282248162	0.007222154969653858	0.008945268139668169	0.007844099131527305	0.008036002373678387	0.008075036587162012	0.009745148663155404	0.009453837281025598	0.009872295257564577	0.009815421315237239	0.011447084993003556	0.011678322974231601	0.011371817858892734	0.0113848557184408	0.012962710169657275	0.0	0.0	0.0	0.0	0.015457035370663263	0.015301063399799837	0.014904519719269696	0.016331115234320973	0.023777962226326603	0.02360043646692622	0.02308641584405463	0.02440113667592409	0.005246146359177673	0.0055848891373194145	0.006384911500287906	0.008140000483239715
moss_0.01_1x_1	0.009595384146868294	0.0103059240949822	0.009890944804590367	0.009740681436861309	0.010746023222229437	0.011204372806953891	0.010762494563479726	0.010553726154313185	0.012536125886695657	0.013153993946885623	0.012393989241938113	0.012206456818989825	0.014763588248332562	0.014682068387372495	0.014079862999452642	0.013772849183501464	0.016022103471949156	0.01623223737302655	0.015482566233208359	0.015267102853497656	0.0	0.0	0.0	0.0	0.02575850401234022	0.025277682032150434	0.024597172164256213	0.02448164137911574	0.008727799437935403	0.00904248118512904	0.00903605254348521	0.009131936246179684
moss_0.01_2x_1	0.008869686199673842	0.009487784688156453	0.008898960804922177	0.009001641682188295	0.010134666469113032	0.010461132118941858	0.009766444379167896	0.009900767206732615	0.011804872752059773	0.01199104820909487	0.01134336301400135	0.011477513918831495	0.013834775838785913	0.013646509552454045	0.013163094117706733	0.013101245341363576	0.015564355641477061	0.015322001008285752	0.01466130191603337	0.014742088004970092	0.0	0.0	0.0	0.0	0.025551854501676814	0.025014572225056507	0.024148752436431352	0.02420885906524149	0.007977327648526288	0.007985385547321096	0.008101305903739378	0.008278498537406032
moss_0.01_4x_1	0.008094937579382852	0.008544268976718302	0.00811098227529503	0.008815111642648189	0.009454026815997038	0.009471929779810127	0.009014053499155524	0.009584956646147443	0.01101670688729946	0.011119747808872652	0.01051896791128908	0.011163772737831907	0.013107299176168794	0.012875114375358723	0.012415676846399612	0.012856174386294904	0.014827072563562343	0.014517326153319306	0.013969290451355889	0.014444713268885445	0.0	0.0	0.0	0.0	0.02494487082170389	0.024455520779418313	0.02368878784687552	0.024040576506945625	0.0071585902005961	0.007057612149727926	0.007282025732380766	0.008016886687885116
moss_0.01_8x_1	0.00845126070644439	0.00898043560690052	0.009182093495520004	0.0107642559735326	0.00977814323375544	0.009994074386053972	0.010054734662837544	0.011521344769814777	0.011355283883412896	0.011728272616807629	0.011538303979294439	0.01312498469398	0.013469847322753295	0.013367889989306162	0.013322588511329924	0.014753163793946191	0.015136981869407897	0.014991310816059306	0.014826890000824761	0.016310021382661844	0.0	0.0	0.0	0.0	0.025324589198005783	0.02501872016225058	0.024482841359397243	0.02563917196097671	0.00727213806355993	0.007522537163913523	0.008404396404054087	0.010061036328089964
moss_0.02_1x_1	0.01826414319401668	0.019721658480591438	0.018975259370751202	0.018780188249361757	0.01940177362256218	0.020333301413858168	0.019949436845538373	0.019494999260038445	0.02052222600819256	0.021512838630722998	0.021187110561226942	0.020827567823302053	0.022732472941916503	0.02283573205997055	0.02261983280034573	0.02221784967354716	0.02421414357259749	0.024253156718795906	0.02384600030033625	0.023507471764786392	0.025742701971878168	0.02622726820078135	0.02551944631100347	0.02508279136761907	0.0	0.0	0.0	0.0	0.017604458334156334	0.01830045695751638	0.018212613677356153	0.0182648612888988
moss_0.02_2x_1	0.016954276313769275	0.01802059649952907	0.017547907999909317	0.017683444708134058	0.017988211979943245	0.018800219970218975	0.018418504921920202	0.018279851795782294	0.01949311234382086	0.020114478994507752	0.019776183010181247	0.019740526840488628	0.02145691788054265	0.021808541494708174	0.02136280779320318	0.021214192973036783	0.0229019248252484	0.023506070399177327	0.022684567488212473	0.02275919800691989	0.024589526447610036	0.024994270239183897	0.024370176430912275	0.024171313214122428	0.0	0.0	0.0	0.0	0.016211876890434997	0.01667439415120911	0.016829768281384397	0.016957079073832967
moss_0.02_4x_1	0.01615715261016819	0.017177543968311965	0.01680485144752316	0.017343615670909644	0.017461718899188544	0.017999647715785654	0.01770502483281603	0.018033211832171648	0.018663794525424455	0.019491408512036387	0.019202461523391952	0.019333849235602545	0.02092495103473305	0.020895684398612564	0.020761071221541843	0.020843231609763212	0.022529844521209798	0.022697525260444818	0.022212795108735115	0.02237317137141034	0.02399885484636474	0.024185138840744573	0.023661493083434657	0.02376422111413865	0.0	0.0	0.0	0.0	0.015467728828818667	0.01580646913728575	0.016150259429630373	0.016751715165958515
moss_0.02_8x_1	0.01689688318529799	0.018108389247851697	0.017994212828880016	0.019471834402768416	0.018134705782384356	0.01887175912646332	0.01887896654749247	0.019978808222006386	0.01929211274238199	0.020160829414692022	0.02023572668405997	0.021362462458816768	0.02164535484715205	0.021756597385966744	0.021814370534193876	0.02284261771352623	0.022851277335301137	0.02339262293664337	0.023193980032279158	0.02435215218008737	0.02467866094946348	0.025011394776035575	0.02471543560128792	0.025619727011188722	0.0	0.0	0.0	0.0	0.016037409110956198	0.016618719321825952	0.0173753482958086	0.018712920304655486
moss_0.0_1x_1	0.0	0.0	0.0	0.0	0.0009591454284361031	0.0009212284473750959	0.0	0.0	0.0029211290964566605	0.0028803480046072504	0.002047066033026965	0.002207848546060116	0.004837223138652856	0.004568372103839089	0.0038832578273686968	0.003758652287968796	0.007075954126322128	0.006196672874268018	0.005263213614884292	0.005222397319403104	0.008821022721938234	0.008286746007755247	0.007399663963987613	0.007257550213402282	0.017796181908261734	0.016845870153367432	0.01601529920930873	0.016058104206012107	0.0	0.0	0.0	0.0
moss_0.0_2x_1	0.0	0.0	0.0	0.0	0.0009307770498291198	0.000633585292480104	0.0	0.0	0.0027351121684529587	0.002527852655880133	0.0017820777960528816	0.002204893556207333	0.005136487021058414	0.00451122480060787	0.0037071490387462582	0.0038703416644729196	0.006785947250044459	0.0060244536252314655	0.005154453202622259	0.005421464561253695	0.008878040060171375	0.008060188733384108	0.007097254251030655	0.007318511488407673	0.01797715028402728	0.016838671093386718	0.015920303626605067	0.016216166379348494	0.0	0.0	0.0	0.0
moss_0.0_4x_1	0.0	0.0	0.0	0.0	0.0008006563460406926	0.0005163744866285799	0.0	0.0010095138305423784	0.00267299273436269	0.00250547920784468	0.0018026431772689454	0.0028167512811912397	0.004943249906402994	0.004295767095023808	0.0036981068410764477	0.004485591695253021	0.0066886374360069275	0.00605853085075365	0.005292499571993018	0.006229936265379054	0.008901144653730975	0.008195049488001009	0.007337823483494023	0.0082145854601124	0.01793566897337373	0.017022244761421213	0.016288610837765637	0.017015281488680683	0.0	0.0	0.0	0.0
moss_0.0_8x_1	0.0	0.0	0.0	0.0023522513753343717	0.0012781721682036	0.0010404305025148086	0.00105653401670275	0.0031578850470145477	0.002987827481159789	0.0030241511724778828	0.002835413733033208	0.004976378818918608	0.005481116124173569	0.004806299671465669	0.004728926889194344	0.0065762386745188495	0.007157313032311405	0.006442835320084109	0.006258646904423793	0.008169847192408583	0.009309856811255844	0.00864979508764921	0.008315728372376525	0.010111065080517295	0.01858047991127878	0.01768689455629358	0.017370067892540683	0.01881706106657894	0.0	0.0	0.0	0.0
