sample	r1	r2	r3	r4	r5	r6	r7	r8	r9	r10	r11	r12	r13	r14	r15	r16	r17	r18	r19	r20	r21	r22	r23	r24	r25	r26	r27	r28	r29	r30	r31	r32	r33	r34	r35	r36	r37	r38	r39	r40	r41	r42	r43	r44	r45	r46	r47	r48	r49	r50
oyster_0.004_8x_1.hist	67759874	5473320	1198000	464202	230728	144742	116038	103654	92421	47134	49353	49842	19134	23223	28813	17807	10264	7332	15435	11958	7755	2422	10397	7226	1002	3206	7630	3891	1296	7086	2261	670	1612	4836	4474	278	79	42	4122	3186	1061	433	229	1413	2884	960	429	142	46	4653
oyster_0.001_8x_1.hist	64278338	5975526	1317039	509737	254706	159760	135241	120808	87748	54877	64012	43507	25614	36847	24189	15896	13230	17661	13895	7564	13587	10485	4542	2531	5409	12768	2882	927	786	11009	4309	1279	510	57	8254	4370	1255	683	135	2026	3404	1394	739	276	2942	1107	495	164	53	6239
oyster_0.008_1x_1.hist	72769093	5665678	1109825	451258	213069	133323	111508	99607	101277	51650	31854	35994	42697	23601	12212	3884	3396	4533	9542	23488	24783	7743	3354	980	56	30	5	0	0	0	5787	11574	14575	1680	533	32	8	3	0	0	0	0	0	0	0	0	0	0	0	15356
oyster_0.001_4x_1.hist	63744161	6604784	1332831	542864	257910	163017	191613	131984	53438	61132	71307	53334	20475	28793	35723	15299	8818	11771	22286	12132	7868	2457	9260	18005	1058	723	1721	4588	10881	5439	1610	477	806	2418	12985	810	232	125	24	72	6538	2678	1420	531	87	28	11	2	0	9679
oyster_0.004_2x_1.hist	67173751	6226719	1167693	484006	244065	146559	87301	77984	117795	98287	47587	23468	12432	20526	25467	36852	22812	9504	1511	1255	2370	3879	18427	20446	1201	666	149	47	384	5387	13816	4104	1640	188	58	2	0	0	11484	1936	644	263	138	50	7	1	0	0	0	11809
oyster_0.008_4x_1.hist	71401730	5376680	1052840	429284	204737	128019	126505	113004	53547	42347	49396	45657	17528	12341	15311	22155	17797	7414	2919	7184	13570	7711	3340	976	2085	6673	7984	2570	855	2389	5165	1533	612	1836	6164	384	109	58	10	0	5815	2409	1277	478	78	25	10	2	0	5313
oyster_0.01_1x_1.hist	73212886	5523680	1100069	411634	230873	144771	190994	96551	38016	19387	22613	25552	35524	53291	27575	8773	5056	2105	334	723	1364	2233	10608	20626	9249	5137	1159	372	123	60	16	4	0	0	17618	1862	534	290	57	2	0	0	0	0	0	0	0	0	0	11845
oyster_0.002_4x_1.hist	65018307	6323936	1279176	521290	248125	156216	175503	120006	67250	76933	43217	43820	48284	26690	13810	11878	18840	25150	13273	7225	4685	3833	18208	5327	897	2869	6828	9019	3005	1501	443	130	7701	7483	2380	147	41	21	3	5396	4724	1935	1026	383	62	19	7	1	5666	3399
oyster_0.02_8x_1.hist	81039560	3507355	734503	282728	140489	87808	65728	58713	46378	23768	27724	13671	15483	14491	7498	6062	9615	7989	2202	5420	6054	1890	2214	4305	3455	1918	514	1370	3497	1747	516	152	1100	2943	935	57	15	7	3340	366	121	48	668	249	40	12	1429	818	271	162
oyster_0.02_4x_1.hist	81075465	3619354	718391	288064	135657	85603	92779	73415	28906	23322	27203	23151	8887	11941	14815	6274	3615	4304	9061	6890	4468	1395	1396	2714	5798	3868	872	280	92	45	5630	1672	667	76	23	0	0	4226	965	52	16	5	577	1362	226	74	32	9	2	2372
oyster_0.006_8x_1.hist	69924964	5124107	1131805	435409	219052	136765	114517	102296	81140	43456	50689	42870	16458	22022	27323	8692	13011	17368	3361	6754	12758	6336	2745	3243	6930	8266	1865	599	5565	5454	1615	478	4622	3025	961	59	15	6684	1335	73	23	8	2231	3471	577	191	84	27	8	4952
oyster_0.02_2x_1.hist	80856033	4083827	720298	295718	144422	87840	61301	54758	68759	35066	16977	8688	12078	19942	16286	5181	2985	1445	3042	7488	14143	4996	2164	632	61	194	461	1229	5608	3790	1122	332	131	14	3	0	0	6205	1240	67	21	7	3	0	0	0	0	0	0	4617
oyster_0.01_8x_1.hist	73477439	4747218	1021643	394912	196985	123428	97648	87226	67706	38174	44529	23779	21351	23999	12418	15425	8891	10404	9861	5368	4207	6887	6851	2220	4743	5300	1195	2151	5922	2960	876	259	5885	677	214	1258	3015	1644	327	17	2181	1949	1033	386	63	310	1740	579	192	2028
oyster_0.002_8x_1.hist	65592536	5719270	1268996	489527	245386	153795	124048	110810	96815	49374	54461	55184	21185	29660	29967	9534	14524	19388	13970	7605	6372	10431	5436	10569	1864	1743	4148	11061	3773	1885	557	164	8653	4411	1402	86	23	2206	7258	402	133	53	27	5872	1052	349	155	50	15	5548
oyster_0.006_4x_1.hist	69438253	5624743	1130902	459532	216484	137070	149083	132908	52331	43886	51190	54139	20784	13702	16999	21942	12648	16883	4705	4159	7856	12861	8231	2407	602	1925	4582	12219	4193	2095	619	183	456	1367	10031	625	178	96	18	0	3937	3396	1801	674	111	36	15	4	0	6520
oyster_0.0_2x_1.hist	62162674	7522470	1384826	576886	295618	177053	96016	85769	129555	126055	61032	30098	13265	21902	27174	39322	38229	15927	2532	1378	1916	3136	14899	28970	6732	3739	843	270	89	603	15327	4553	1820	208	65	3	516	16504	3299	182	59	23	11	3	0	0	0	0	0	15667
oyster_0.01_4x_1.hist	73406812	5050985	993960	405030	192757	121034	126343	108059	42547	44121	51465	29750	11464	18928	23484	13403	7725	10312	11837	6443	4178	1348	6403	12449	1244	690	756	2015	9343	4670	1382	409	162	17	6446	682	195	105	20	4318	2640	1081	572	213	34	10	3	0	0	5761
oyster_0.004_1x_1.hist	67825997	6227105	1307475	495633	268504	164925	97615	87197	131712	67172	32522	16038	20624	34053	42250	30818	17764	7401	1176	903	1705	2790	13254	25772	6719	3732	841	270	89	43	11	2	6080	18241	5803	361	102	55	10	0	0	0	0	0	0	0	0	0	0	17795
oyster_0.0_4x_1.hist	62321859	6998433	1407773	573162	271936	171759	190270	141204	58919	67402	78622	46892	20194	33344	41370	14984	8637	10668	22458	19305	12521	3911	1694	3293	7036	18863	4258	1370	455	226	4629	9258	4435	510	161	9	3926	9314	1861	102	33	12	5	6065	1009	335	149	48	15	8092
oyster_0.0_1x_1.hist	58559480	11615983	1542457	659774	368824	230853	359971	176858	69637	35513	23844	26942	37457	61848	76736	26402	15219	6340	2204	5425	10246	16774	41105	12027	706	391	87	27	8	3	0	0	24432	16039	5102	317	90	48	8	0	0	0	0	0	0	0	0	0	0	24700
oyster_0.001_1x_1.hist	63769823	7743570	1422188	583289	283909	179372	212150	189510	79756	40674	22499	25422	35344	58358	62997	20043	11553	4812	765	1883	3556	5821	27649	26324	1547	858	192	61	19	8	1	0	23182	12282	3907	243	68	36	6	0	0	0	0	0	0	0	0	0	0	22475
oyster_0.001_2x_1.hist	63527334	7337195	1330990	555884	287160	171148	83313	74422	112415	127131	61553	30355	11653	18911	23463	33952	37942	15808	2513	1417	2676	4380	20807	23662	1390	771	173	54	418	5857	14387	4273	1708	196	61	2	254	14716	2942	162	53	20	10	2	0	0	0	0	0	15105
oyster_0.002_2x_1.hist	64401594	6871638	1273849	528585	267475	161299	107692	96199	145309	79746	38610	19040	24801	40950	46840	14902	8590	4683	9859	24269	16325	5100	2209	645	972	3110	7401	18169	6055	3026	895	265	105	11	2	0	5865	12989	2596	143	46	18	8	2	0	0	0	0	0	14250
oyster_0.0_8x_1.hist	63187234	6098698	1359287	523205	262989	164931	137715	123018	90389	63795	66248	43074	30422	27921	34642	18683	10769	11446	24096	13118	8508	2657	8922	15488	910	1507	3586	9563	5637	2817	833	246	6053	7604	2418	150	42	5019	3172	175	57	22	4926	3431	570	189	83	26	2605	3711
oyster_0.01_2x_1.hist	73440366	5418752	976901	404864	204055	123120	83551	74634	112736	57494	27836	13727	12433	20528	25468	27435	15815	6588	1047	775	1464	2396	11382	22130	1300	721	161	51	16	67	12555	3729	1490	170	53	2	0	0	6331	2711	902	368	194	72	11	2	0	0	0	7788
oyster_0.006_1x_1.hist	69924821	6045137	1261089	467428	263868	166042	205418	154274	60744	30978	16473	18613	25878	42727	53013	21532	12411	5170	821	989	1868	3057	14522	28236	1659	921	207	65	20	9	1	0	7563	16357	5203	324	92	49	8	0	0	0	0	0	0	0	0	0	0	15656
oyster_0.02_1x_1.hist	80327342	3955170	671386	279591	145742	87110	44732	24705	37317	42690	44892	22138	8498	5130	6364	9209	14607	6085	967	1008	1904	3116	14802	5394	316	174	38	11	2	0	0	0	7175	5273	1676	103	28	14	1	0	0	0	0	0	0	0	0	0	0	7793
oyster_0.002_1x_1.hist	60064888	13816165	1706676	723382	403026	251786	287632	141317	55642	55559	64807	73231	64067	35415	18325	5829	6752	9014	18975	46708	30296	9466	4101	1199	69	37	7	1	0	0	10963	21926	20952	2416	767	46	12	5	0	0	0	0	0	0	0	0	0	0	0	26540
oyster_0.006_2x_1.hist	69208386	5761240	1086731	449841	225839	136194	89910	80314	121315	72943	35316	19958	27747	34246	17720	8828	14003	18693	10911	5939	3851	3722	17680	5172	303	167	36	10	14472	9487	2810	833	332	37	10	0	0	1534	12386	687	228	92	48	17	1	0	0	0	0	9233
oyster_0.008_2x_1.hist	71392903	5584893	1035748	428425	214569	128955	75208	67182	101478	87772	42496	20957	9824	16220	20124	28056	16172	6737	1898	4673	8826	14449	8909	2606	152	332	790	2107	13455	6726	1992	590	235	26	7	0	0	3917	10012	555	184	74	38	13	1	0	0	0	0	9038
oyster_0.004_4x_1.hist	67352499	5957185	1199280	487735	230472	145772	165955	117116	54736	62618	64304	31712	18665	30819	38237	12165	7012	8720	18357	9993	6481	2706	12855	6337	1033	3305	7866	5518	1838	918	2028	4055	9892	1140	361	21	5	1	2780	6868	2288	936	496	185	29	8	3	0	4721	4080
oyster_0.008_8x_1.hist	71903386	4968410	1080141	417099	207984	130348	107714	78948	84406	43046	36865	41656	20642	15820	19628	16002	10541	14071	8060	4387	6260	10247	4439	1314	2807	8982	4359	1402	471	6597	3284	974	1045	3134	2494	154	43	3387	4071	225	74	29	14	4299	715	237	105	34	10	3648
