sample	r1	r2	r3	r4	r5	r6	r7	r8	r9	r10	r11	r12	r13	r14	r15	r16	r17	r18	r19	r20	r21	r22	r23	r24	r25	r26	r27	r28	r29	r30	r31	r32	r33	r34	r35	r36	r37	r38	r39	r40	r41	r42	r43	r44	r45	r46	r47	r48	r49	r50	genome_length
moss_0.01_8x_17.hist	69309230	20544216	2734748	1157669	623164	381190	201005	179555	238689	121730	58938	48393	67280	94604	48954	15575	21200	28301	59580	32437	21039	6573	7322	14237	30423	27806	6277	2020	672	4611	29217	8680	3471	399	126	6	12186	17701	3539	195	64	25	12	3	6672	13058	5852	1949	648	388	105634375
moss_0.0_2x_17.hist	65465364	11991614	2763682	1012075	578442	366679	418790	374099	215039	109669	53098	42971	59742	98643	122390	68651	39574	16488	2622	4009	7571	12395	58875	114479	6733	3739	843	270	89	43	11	2	25432	62943	20026	1250	358	194	37	1	0	0	0	0	0	0	0	0	0	66487	113427940
moss_0.001_8x_30.hist	54600916	6317546	1458322	582488	299430	188709	194456	173705	149243	81094	94593	62931	38801	64065	33151	37591	47906	19960	33730	27752	18000	16790	25818	7553	8175	26161	5906	1901	15703	7850	8685	7885	3153	5102	13351	833	238	129	12039	4743	1580	646	342	12287	2139	712	318	105	34	13749	102383756
moss_0.01_2x_17.hist	71016341	12245100	2232506	842222	479743	303316	322529	277613	153244	78153	37839	20922	29087	48027	59588	82696	47671	19862	3158	2180	4117	6739	32010	62240	5626	3124	704	225	74	36	9	1	11931	35792	11587	723	206	111	21	0	0	0	0	0	0	0	0	0	0	38593	112997844
moss_0.0_2x_30.hist	49532986	11240943	1921402	822762	457836	285826	280315	137722	93327	106765	124538	140727	76501	42289	21882	16785	26623	35541	74822	45047	29219	9130	5070	9857	21063	33594	7584	2441	3526	43045	12753	3788	1514	173	54	2	0	39937	7986	442	146	59	30	10	0	0	0	0	0	41915	114136440
moss_0.01_2x_30.hist	65179665	6954658	1272365	538475	289635	177073	114452	70016	105760	120988	88756	43771	16804	27640	34293	49624	45687	19035	3485	8579	16204	26528	23570	6896	404	223	49	14	25364	14196	4205	1248	498	56	16	0	0	22164	5656	313	103	41	20	6	0	0	0	0	0	22157	106082702
moss_0.0_4x_17.hist	64900873	13764289	3128822	1147194	655463	415062	457357	408551	160866	82040	76018	85899	119425	130124	67334	21423	12349	13755	28958	71282	62781	19618	8500	3243	6929	22173	52772	37690	12562	6280	1859	551	219	24	6	22518	34394	18759	3750	207	68	26	13	3	0	0	0	0	0	51562	117116196
moss_0.0_1x_17.hist	63484527	15333644	3576462	1303677	617599	397526	148099	132294	199832	228607	266663	301328	134924	74585	38594	12279	7077	2947	467	629	1188	1944	9234	17954	38365	122768	102870	33126	11041	5519	1634	484	192	21	5	0	0	0	0	0	0	0	0	0	0	0	0	0	0	115968	129639499
moss_0.001_1x_17.hist	65656865	9617278	2232473	816807	466342	296901	313955	280451	325401	165953	80350	39625	15212	16062	19928	28837	45741	61062	87809	47806	31008	9689	4197	1227	71	38	90	241	83534	41766	12374	3675	1469	168	52	2	0	0	0	0	0	0	0	0	0	0	0	0	0	75012	110177627
moss_0.0_8x_30.hist	53007798	6309593	1462318	582000	302430	190115	209326	186987	119798	120288	71690	81008	43900	55842	35422	34620	54915	24888	15421	37959	24682	12256	31892	9331	8131	26018	5874	1890	11617	16777	4970	1475	9007	8106	2578	8351	2816	1535	2885	10339	3445	1411	747	4856	6081	2026	907	301	99	12994	101656752
moss_0.001_2x_17.hist	65951904	11548962	2627149	974369	544755	345033	405664	362374	178003	90780	43952	44844	62346	102943	127725	57191	32968	13735	2184	3817	7209	11802	56059	109003	6410	3560	803	257	84	41	11	2	19098	57295	18229	1138	326	176	34	0	0	0	0	0	0	0	0	0	0	60457	111586846
moss_0.001_1x_30.hist	51884650	10087990	1823134	758115	424630	266068	352000	172942	68094	60772	70888	80102	111366	102766	53177	16919	9752	4658	9806	24137	45591	74639	47041	13764	808	448	100	31	9	3	0	0	59350	25779	8201	511	146	78	14	0	0	0	0	0	0	0	0	0	0	51792	107887607
moss_0.001_2x_30.hist	51276874	10507992	1776618	761022	423893	264788	270739	133017	87022	99553	116125	131220	63372	35031	18832	27250	43223	57701	43168	23502	15243	5269	25031	48671	10771	5983	1350	433	3221	45103	13635	4050	1619	185	58	2	0	22236	19724	1094	363	148	77	28	3	0	0	0	0	37976	112202883
moss_0.001_4x_30.hist	53580165	7503784	1597159	667024	344534	213739	230519	205918	141293	72058	78384	88573	62158	34360	33325	48222	40546	20223	42575	28763	18656	5829	18664	36290	13692	7605	3848	10262	16702	8350	2473	733	4478	13434	18328	1144	328	177	34	1659	14456	5923	3143	1177	195	64	27	8	1	22678	104619599
moss_0.01_1x_30.hist	64530162	8280189	1308574	560681	312531	195300	251151	123393	48585	46731	54510	61595	85636	69117	35765	11378	6558	4237	8920	21957	41474	42613	18464	5402	316	174	38	11	2	0	8087	16173	33907	3910	1243	76	21	10	1	0	0	0	0	0	0	0	0	0	0	33941	106250638
moss_0.0_1x_30.hist	50333367	9534301	1764858	750812	410078	253624	297004	265309	132150	67395	40936	46257	64310	106186	107700	34267	19753	8229	3059	7528	14220	23279	110577	32355	1902	1055	237	75	24	11	2	0	25811	48008	15274	953	273	148	28	0	0	0	0	0	0	0	0	0	0	50586	105427297
moss_0.0_4x_30.hist	52216205	7572557	1619883	678682	354080	218676	226995	202771	158678	80925	84039	94963	54013	29857	37044	53604	44283	18752	39478	32887	21331	6665	17619	34258	22824	12679	2862	920	2263	31687	12285	3649	1458	167	52	15896	9196	5015	1002	54	17	8809	9180	3441	572	189	84	27	8	21917	104629704
moss_0.01_4x_17.hist	71607523	12632362	2207226	862157	477720	297520	245978	120852	78856	90211	105227	113925	43738	24177	20625	29845	47339	63196	13422	7306	4738	5252	24948	48510	5449	3026	682	218	1857	26010	12664	3762	1503	172	53	2	0	28808	5760	319	105	42	21	7	0	0	0	0	0	27837	114299779
moss_0.01_4x_30.hist	66001759	5798914	1235158	509631	253143	158766	178856	159769	87844	52262	60962	68886	56714	31350	18559	26855	42597	28306	4502	10221	19305	23052	9988	2921	2077	6645	15815	10261	3419	1708	505	1009	18226	2101	667	40	10	10567	3077	169	55	3378	5720	2144	356	117	51	16	4	13219	103781391
moss_0.001_4x_17.hist	65363741	14018017	3138033	1153321	657771	416144	455865	375875	148000	75479	78259	88431	122946	122276	63273	20131	11604	11338	23868	58752	77312	24159	10467	3062	4360	13951	33203	49325	16440	8219	2434	722	287	32	9	16613	34992	19085	3816	211	69	27	13	4	0	0	0	0	0	47803	117696421
moss_0.001_8x_17.hist	63002687	24792015	4648290	1759538	990096	621972	560344	275304	168285	192518	224566	120712	46343	72404	89833	99614	57423	23925	14258	35095	66291	38050	16487	4823	8750	27999	66636	22079	7358	3678	1088	322	17408	52223	20365	1271	364	197	38	1	20210	20705	10989	4120	685	227	101	32	9	32997	111795277
moss_0.01_1x_17.hist	68852868	15868044	2131187	912697	508036	317227	408546	200724	79034	40306	32206	36392	50595	83540	103651	85245	49140	20474	3256	1771	1148	357	726	1410	3013	9642	22948	61195	29384	14691	4352	1292	515	58	17	0	0	0	0	0	0	0	0	0	0	0	0	0	0	61568	124337135
moss_0.01_8x_30.hist	66440512	5251752	1197810	472872	241707	152159	141553	126447	104180	62820	71613	38153	53043	47336	26771	22836	36221	22039	8338	20523	18171	5677	9129	17750	6333	3517	3491	9310	9320	4659	1379	408	10218	6536	2078	128	36	10660	2702	149	48	18	6063	5243	872	289	128	41	12	10436	102682974
moss_0.0_8x_17.hist	61873190	25705678	5406343	1975508	1126194	712327	628906	458978	180721	144392	168429	190324	140297	77555	40131	51689	81989	87200	13871	21539	40685	61457	26630	7791	7876	25203	59983	23930	7975	3986	1180	508	84202	9712	3089	192	54	28	9667	37814	12603	5164	2740	1026	170	55	96	30262	10086	6050	116028517
