sample	r1	r2	r3	r4	r5	r6	r7	r8	r9	r10	r11	r12	r13	r14	r15	r16	r17	r18	r19	r20	r21	r22	r23	r24	r25	r26	r27	r28	r29	r30	r31	r32	r33	r34	r35	r36	r37	r38	r39	r40	r41	r42	r43	r44	r45	r46	r47	r48	r49	r50
moss_0.001_1x_23.hist	52438204	9534665	1655283	710358	397710	249152	376036	184751	72744	43006	50165	56685	78809	130125	77711	24725	14252	5937	4194	10323	19499	31922	94830	27747	1631	905	203	64	20	9	1	0	52947	23089	7345	458	130	70	13	0	0	0	0	0	0	0	0	0	0	51723
moss_0.0_4x_25.hist	52103041	8002986	1668846	702923	372753	227932	205996	184012	201483	102755	54116	61150	85017	68964	35686	17749	28152	37582	52983	28845	18709	5845	16268	31632	26994	14996	3385	1089	2224	31142	9226	2740	1095	125	5532	18837	5414	2952	589	31	9	7348	10030	3760	625	207	92	29	8	20931
moss_0.01_1x_20.hist	64500601	9059888	1360475	584393	328051	205809	343675	168852	66484	33906	19974	22570	31378	51810	64282	86856	50069	20861	3317	1805	3261	5339	25359	18983	1115	618	138	43	13	5	47495	14111	5643	650	205	11	2	0	0	0	0	0	0	0	0	0	0	0	0	41085
moss_0.0_1x_20.hist	53790011	10374897	1895644	808598	445019	276047	240126	117976	100243	114677	133766	151155	82642	45684	23639	7520	8305	11086	23338	57446	108509	34343	14881	4353	255	140	30	8	1	0	28456	56911	22763	2625	834	51	13	6	0	0	0	0	0	0	0	0	0	0	0	63995
moss_0.01_1x_23.hist	64351223	9613869	1422250	609916	340807	213262	285527	140283	55235	41397	48287	54563	75859	88548	45820	14578	8402	4869	10251	25232	47660	35244	15271	4467	261	144	31	9	2	0	123	246	54513	6287	1999	123	34	17	2	0	0	0	0	0	0	0	0	0	0	39384
moss_0.0_8x_23.hist	53630255	6887155	1579448	634499	325269	205042	216860	171086	158617	87452	102010	81481	35752	59031	36687	36968	50194	20913	17585	43286	28981	9055	16567	32214	9327	5181	9162	24431	10793	5395	1597	473	16022	11203	3563	221	62	9965	11440	634	210	85	6119	9364	1559	518	231	76	24	16429
moss_0.001_1x_25.hist	52407442	10278473	1794659	768056	426692	266138	274235	134735	75599	86485	100881	113995	112687	62292	32233	10255	7438	9929	20903	51453	97188	35971	15586	4559	267	147	32	9	2	0	24290	48579	31169	3594	1142	70	19	9	0	0	0	0	0	0	0	0	0	0	0	56988
moss_0.001_1x_20.hist	55091427	10891699	1876783	804080	448095	279984	337969	166048	85748	98095	114424	129298	61805	34164	17678	16316	25879	34548	72731	70367	45642	14262	6179	1807	105	57	11	2	1365	19120	75546	22446	8977	1034	328	19	4	1	0	0	0	0	0	0	0	0	0	0	0	62691
moss_0.001_4x_20.hist	54639639	12487874	2093896	892127	489339	302922	226800	111429	152434	174383	142212	70134	26925	44457	55159	71754	41363	17233	13570	33403	63095	19716	8542	5713	12207	39061	27811	8955	2984	1491	1704	3408	40241	4641	1475	91	25	12	13674	15091	5029	2060	1092	408	67	21	8	1	0	34479
moss_0.0_2x_25.hist	50623906	10701159	1908887	814369	448384	278206	234972	115444	103975	118947	138748	147396	56588	31281	16186	18628	29547	39444	78235	42593	27627	8632	3739	3229	6900	22081	52553	25149	8382	4190	1240	367	146	15	4	0	35659	20561	4111	227	74	29	14	4	0	0	0	0	0	39053
moss_0.01_4x_23.hist	66231876	6491746	1305220	543585	278304	170944	152150	135913	138781	70777	39760	44928	62463	57094	29543	13653	21656	28909	31262	17019	11038	3448	7431	14448	19634	10907	2461	791	262	130	12250	13871	5547	638	202	11	2	9303	1859	102	8889	3642	1932	723	119	38	16	4	0	15466
moss_0.0_2x_20.hist	53886450	11632510	2033488	868275	479249	297793	258900	127200	102657	117438	136988	154795	65739	36339	18803	22244	35283	47102	65348	35577	23076	7210	4567	8880	18974	60718	30122	9699	3232	1615	477	140	55	5	29611	27495	7903	4310	861	46	14	4	1	0	0	0	0	0	0	49663
moss_0.001_8x_20.hist	55290603	9972588	2299438	979920	537882	347011	280601	137862	165293	108993	67485	76257	76855	42484	26371	38159	57602	23999	29034	15806	28235	33987	14726	20914	2437	7797	18558	23893	7963	3980	1178	349	138	14	3	0	0	0	2381191	132287	44094	18070	9590	3595	598	198	87	28	8	4
moss_0.0_2x_23.hist	51314980	10804487	1914096	817572	451727	280853	244431	120091	108533	124161	144829	130767	50204	27752	17068	24698	39176	52298	70624	38450	24939	7792	3375	3659	7818	25018	59542	19173	6390	3194	945	279	110	11	2	12022	29966	16344	3267	180	59	23	11	3	0	0	0	0	0	42551
moss_0.0_8x_25.hist	52991276	6766441	1549306	623314	319984	201815	233326	135191	181497	92562	74231	83880	59160	32703	40505	56072	32322	30415	15647	38515	34927	13287	10589	20589	22113	12284	3643	9715	18155	9076	2688	797	9471	15626	4970	309	88	8284	10600	587	194	78	4880	10566	1760	585	261	86	1720	14233
moss_0.01_8x_25.hist	66377841	5407273	1223902	484450	246315	155177	147871	132090	101019	61178	71361	41869	57493	36025	26607	38501	26780	12397	26099	17132	11111	5432	17524	5126	10954	10080	2275	3223	10800	5399	1598	474	11405	4610	1466	90	793	11505	2300	126	41	15	6650	4678	778	258	114	37	11	10320
moss_0.0_4x_20.hist	51356409	15139114	2398401	1024742	566674	352499	267870	131607	167031	191083	143507	70773	36852	60849	75497	66267	38200	15915	12021	29589	55890	42659	18484	5407	8818	28219	39201	12623	4206	2102	621	1242	52106	6009	1911	118	33	17	7573	22438	7478	3063	1625	608	100	32	13	3	0	36409
moss_0.01_4x_25.hist	65824571	6142840	1275903	527897	264620	164712	172169	153795	104741	53417	52696	59546	65761	36351	18810	23528	37320	43922	6986	4372	8257	13518	25253	7388	1869	5981	9409	3029	12474	6236	1846	547	1262	3787	18231	1138	326	176	34	0	6082	6592	3498	1310	217	71	31	9	2	13312
moss_0.0_8x_20.hist	53874642	8343557	1777162	737624	373564	234600	272029	146888	188685	96228	84328	95290	49720	42087	52218	43721	25869	34534	35904	19547	27817	36418	15780	4616	8688	27801	24883	8012	2669	1333	394	116	31280	34913	11107	693	198	107	20	0	0	1	0	0	0	0	0	0	0	0
moss_0.01_2x_23.hist	65731841	7714668	1371754	580063	311252	189979	110632	92720	140055	128644	62285	30716	18112	29905	37103	53689	58826	24509	3898	2520	4759	7791	37006	26348	1548	859	193	61	21524	10761	3187	946	377	42	12	0	4325	22055	4410	244	80	31	15	4	0	0	0	0	0	23897
moss_0.001_2x_25.hist	51703004	11131984	1912126	816026	449731	279202	228663	112344	112818	129063	150547	119068	45712	25268	18420	26654	42279	56440	61499	33481	21717	6785	2939	3575	7639	24443	58175	19678	6558	3278	970	287	113	12	2	8698	30694	16741	3347	184	60	23	11	3	0	0	0	0	0	41502
moss_0.01_1x_25.hist	64055606	8977481	1434611	592829	333750	209709	312968	153765	60543	34430	40160	45380	63092	104174	61761	19650	11326	4718	3914	9635	18198	29792	43717	12791	751	416	93	28	8	3	0	0	36502	16398	5216	325	92	49	8	0	0	0	0	0	0	0	0	0	0	36132
moss_0.01_2x_20.hist	66903601	8445241	1434998	609024	330325	203056	158786	78013	70336	80463	93857	106058	44048	24348	12598	18230	28916	38601	41492	22589	14651	4577	1982	1679	3588	11481	27323	15572	5189	2593	767	227	89	9	1	4464	18821	10265	2052	113	36	14	6	1	0	0	0	0	0	26088
moss_0.01_4x_20.hist	67663901	7864090	1419962	598114	317211	192058	127405	113808	171909	98220	47554	26119	36313	59958	67131	21358	12311	11916	25085	33653	21828	6820	2954	3045	6506	20819	15811	5090	1695	846	249	422	23667	2729	867	53	14	6	0	14615	4870	1995	1058	395	64	20	8	1	0	16833
moss_0.01_8x_23.hist	66467722	5522678	1246928	493187	251261	158143	150302	120694	114420	58353	63064	63017	30294	50019	35479	20470	32469	20310	10038	24710	17658	5517	6563	12761	13267	7369	1663	2692	12570	6284	1861	2818	2765	8294	6006	374	106	2714	9291	515	170	68	4010	5915	984	327	145	47	14	10259
moss_0.0_4x_23.hist	52195716	9097198	1810844	765112	409536	249557	207590	185436	217333	110839	63137	71344	85889	47478	24567	31667	50229	67054	10666	15846	29932	44642	19344	5659	4410	14113	33589	18224	6073	3035	898	265	9594	25223	8024	500	142	76	14	10618	12427	5092	2702	1012	167	54	23	6	1	27605
moss_0.001_4x_23.hist	53668041	8846332	1735328	733777	393687	240285	209771	187385	193529	98698	67840	76658	72228	39927	37577	54376	41754	17396	14727	36250	55336	17291	7492	3986	8517	27254	29372	9457	3151	1574	465	137	38085	4647	1477	91	25	12	1	21520	7412	3037	1611	603	99	32	13	3	0	25707
moss_0.0_1x_25.hist	51140745	9449819	1730724	740638	411385	256558	270020	132664	79317	90738	105842	119601	102804	56829	29406	9355	7231	9652	20320	50017	94476	47722	20678	6049	354	196	43	12	3	0	435	870	85318	9841	3130	194	54	28	4	0	0	0	0	0	0	0	0	0	0	53781
moss_0.001_2x_20.hist	55630496	11167991	1988525	846313	462792	285948	230136	113068	112781	129020	150498	120826	46387	25642	22725	32884	52160	69631	45793	24931	16170	5052	3457	6721	14362	45960	45748	14731	4909	2453	726	214	84	8	1	9489	31043	16931	3385	187	61	24	11	3	0	0	0	0	0	43934
moss_0.0_1x_23.hist	51262015	10715366	1895674	811379	450897	281283	317386	155935	65603	75049	87542	98921	137530	83153	43028	13689	7890	8652	18214	44833	84684	48772	21133	6183	362	200	44	13	3	0	26932	53864	31416	3623	1151	70	19	9	0	0	0	0	0	0	0	0	0	0	0	61650
moss_0.001_4x_25.hist	53369620	8062676	1632157	689972	369880	225627	198784	177570	192447	98147	55322	62513	86911	51877	26844	30545	48450	37244	11280	27765	52445	16388	7100	8663	18512	31470	7105	2287	761	379	32382	9620	3847	442	139	4505	10622	5793	1157	63	6337	9195	4880	1829	303	100	43	13	3	21493
moss_0.01_2x_25.hist	65063112	7447197	1319022	559157	302254	185398	132990	65339	98693	112904	100299	49464	18989	21288	26412	38219	60622	36543	5812	3163	4206	6885	32706	9569	1198	3834	9124	23643	7880	3939	1166	345	137	14	3	0	15946	14482	2895	159	52	20	9	2	0	0	0	0	0	23983
moss_0.01_8x_20.hist	66632272	6314656	1338251	547443	269144	170117	214969	105616	86852	99358	51759	51148	41777	37632	46690	21277	33750	21703	7272	17899	26549	8295	4955	9634	14666	8146	1838	4902	11700	5849	1732	513	4836	9766	3106	193	3493	7248	1448	79	25	1969	8437	3163	526	174	77	24	7	11434
moss_0.001_2x_23.hist	52564087	10886431	1901261	810781	445898	276475	229403	112708	105442	120625	140704	124056	47627	26327	21501	31113	49351	65882	45244	24632	15976	4991	4619	8981	19190	61408	25649	8259	2752	1375	406	119	46	4	1200	44882	12902	7036	1406	77	24	9	3	0	0	0	0	0	0	40090
moss_0.001_8x_23.hist	55058599	6685766	1529641	615294	313943	198060	243616	119691	172883	95276	83766	65798	44619	61291	31715	45893	40961	18628	39217	21872	17806	29150	21704	6350	7403	23691	12380	3985	1327	14040	15006	4457	1782	569	18740	1170	335	181	13891	2970	989	404	213	13087	2180	725	324	107	34	14724
moss_0.001_8x_25.hist	54711331	6489568	1490739	595812	308030	194007	209836	152664	161293	83272	74901	84637	39616	45884	56929	23423	32377	43222	32661	17781	17683	28950	14671	9708	20745	11524	5483	14621	9324	4661	7751	12722	5087	585	185	15518	4460	2431	485	1788	9716	3981	2112	791	5609	1868	836	277	91	13792
moss_0.0_1x_17.hist	68534679	17928954	4186794	1534955	718959	461760	175894	157123	237336	271511	316709	357881	142105	78554	40648	12932	7454	3104	492	391	738	1208	5737	11156	23838	76281	181548	58463	19486	9742	2885	856	341	38	11	0	0	0	0	0	0	0	0	0	0	0	0	0	0	130801
moss_0.0_8x_30.hist	52965152	6337639	1467100	584721	303792	190951	204531	182704	127256	109773	94262	46487	52600	66473	34397	30209	47917	19964	42029	25381	16462	22526	25123	7350	8869	28382	8510	2739	1551	21721	10940	3249	1298	3123	18698	1167	334	181	13301	2780	925	378	199	14077	2345	780	348	115	37	14954
moss_0.01_1x_17.hist	69651106	20193447	2790853	1187428	648742	400622	343372	168703	66425	33876	38478	43480	60449	99811	123838	90062	51917	21631	3440	1872	1213	378	1600	3111	6647	21271	50624	62987	20994	10496	3109	922	368	41	12	0	0	0	0	0	0	0	0	0	0	0	0	0	0	70650
moss_0.001_2x_17.hist	67110015	11815108	2728215	993078	563459	357842	376271	336117	265765	135539	65624	32363	39994	66036	81932	91404	52691	21953	3491	7195	13590	22248	105677	43085	2533	1406	316	100	32	15	3	0	67869	33585	10685	666	190	103	19	0	0	0	0	0	0	0	0	0	0	61711
moss_0.0_4x_30.hist	51963459	7725183	1642328	687326	357365	221158	227081	202847	172031	87734	67375	76132	83938	46400	26717	38660	52629	21928	18053	44437	38925	12163	5534	10760	22992	32810	7407	2384	793	395	21684	17898	7158	824	12275	766	219	118	22	9918	12635	5177	2747	1029	170	55	24	7	1	23136
moss_0.001_2x_30.hist	51445176	10767847	1827378	782471	435336	271756	267058	131208	101760	116412	135791	101847	39101	30298	37591	54396	72594	30246	4810	9643	18214	29818	65542	19177	1127	625	534	1424	43730	21864	6477	1923	768	87	26	0	0	40498	8098	448	148	59	30	10	0	0	0	0	0	36672
moss_0.01_2x_30.hist	65060843	7126230	1289588	545764	293555	179470	110983	81213	122672	130159	63019	31078	25046	41354	51308	48653	28046	11685	3432	8448	15956	26122	28818	8431	494	273	60	18	24542	13116	3885	1153	460	52	15	0	0	19056	10064	558	185	74	38	13	1	0	0	0	0	22210
moss_0.001_8x_30.hist	54609127	6284537	1451781	578271	298725	188126	201034	179580	134726	84060	98053	52164	60466	46591	34492	49910	35694	19352	40741	27248	17673	7862	37345	10926	3532	11303	22531	7254	2417	8671	13645	4053	1620	4786	16017	1000	286	155	16815	933	310	126	65	13102	2553	850	380	125	40	13022
moss_0.0_4x_17.hist	65376991	13433018	3078089	1124967	641439	406252	450321	402266	158391	80778	82742	93498	129989	110766	57317	18236	12222	16315	34346	84544	54838	17136	7424	2222	4747	15191	36155	57589	19195	9596	2842	843	336	37	11	0	34501	34913	6981	386	127	51	26	8	0	0	0	0	0	47245
moss_0.0_2x_30.hist	49193977	11315631	1883384	807607	451162	282281	304116	149416	88867	101663	118586	134001	79316	43845	22687	16894	26797	35772	75309	46798	30354	9484	4109	6527	13947	44630	10076	3244	1303	18252	29219	8680	3471	399	126	6	0	21890	21021	1166	387	157	82	30	4	0	0	0	0	40499
moss_0.01_1x_30.hist	64947950	9412211	1583378	627788	356530	225069	290361	221399	87175	44458	26593	30049	41777	68980	85586	50703	29228	12177	1936	2335	4411	7221	34299	49912	2935	1629	366	117	38	18	4	0	28149	20349	6473	403	115	61	11	0	0	0	0	0	0	0	0	0	0	36638
moss_0.01_4x_17.hist	71639884	12410847	2173144	850391	471001	293261	241218	118513	78523	89829	104783	114604	43998	24321	18961	27437	43520	58097	24443	13306	8630	2696	12805	24897	28122	15622	3526	1134	377	187	15454	13561	5423	624	197	11	2	21203	10639	590	195	79	41	14	1	0	0	0	0	26787
moss_0.06_4x_30.hist	97003098	1379818	287769	106583	56454	34230	21966	19621	12619	6995	8159	9219	4096	2640	3274	4737	4046	1685	706	1736	3279	3153	1365	398	377	1208	2875	2345	780	389	114	32	570	1711	2312	143	40	20	3	0	1021	935	495	184	29	8	3	0	0	1260
moss_0.06_8x_25.hist	96722815	1490146	291586	110305	54358	34033	19298	16904	14569	7429	7520	8497	3957	3735	4634	3693	2127	1870	3937	2142	1388	555	2636	3356	196	459	1092	2912	1137	567	167	48	2310	1184	375	22	5	1	1982	415	137	55	28	260	735	244	108	35	256	505
moss_0.06_2x_23.hist	96882379	1378101	307176	109121	59621	37526	36672	18016	7093	6313	7363	8319	6135	3390	2161	3127	4959	6047	961	522	337	226	1077	2093	4472	3508	791	253	83	40	11	2	1201	3603	1593	98	27	13	1	0	0	0	920	1413	234	77	33	10	2	931
moss_0.06_1x_20.hist	98153435	1358586	309207	115288	51193	32424	13929	12442	18793	21498	10408	5132	1969	1087	796	1151	1825	2436	5128	7650	4961	1549	670	195	10	4	0	0	0	0	458	916	9515	1096	347	20	4	1	0	0	0	0	0	0	0	0	0	0	0	2919
moss_0.06_2x_30.hist	97354559	1384817	301391	108968	59000	36227	24418	21811	11538	5883	6862	7753	7426	4104	2122	2913	4621	2834	707	1741	3288	1026	1089	2117	3162	1755	395	126	79	1110	3625	1076	429	48	14	0	0	0	3252	179	58	23	11	3	0	0	1105	660	219	130
moss_0.06_4x_20.hist	97908429	1635341	315352	116040	62688	38437	19407	9534	12875	14728	9412	4640	2186	3609	4476	6477	3733	1554	652	1605	3032	2912	1498	437	505	1615	3843	1523	506	252	73	20	3205	368	116	6	1848	1007	200	10	2	0	0	0	1387	677	302	99	32	18
moss_0.06_1x_23.hist	98212970	1322360	301543	107157	58586	36938	36627	28979	11409	5817	2815	2422	3367	5558	6895	7588	4373	1821	288	156	130	213	1012	1967	4202	4905	1106	355	117	57	16	3	4821	555	175	9	1	0	2384	131	42	16	7	1	0	0	0	0	0	2544
moss_0.06_1x_25.hist	97403650	1507164	336787	118026	62613	39815	25546	22819	20661	10536	5100	2514	1996	3296	4088	5915	8117	3381	536	291	187	58	276	536	1145	3663	6828	2197	731	364	107	30	11	0	0	0	389	3949	788	42	13	4	1	0	0	0	0	0	0	2651
moss_0.06_4x_25.hist	96896984	1454144	298537	109930	58666	35676	20216	18058	14514	7401	6979	7885	6695	3700	1913	2249	3567	4761	2146	1167	756	1131	5374	1571	91	291	693	1848	2348	1173	346	102	187	560	3393	211	59	31	5	0	483	1141	605	225	36	11	4	0	0	1102
moss_0.06_8x_30.hist	96861965	1472892	288825	109094	54545	33785	25991	14199	14403	7344	8533	6766	4401	3882	4815	3494	2013	1655	3484	2668	1730	539	1781	3463	497	448	1066	2713	903	450	1491	442	405	1216	1405	86	23	12	1945	170	55	21	10	244	824	273	121	39	12	865
moss_0.06_8x_20.hist	96845785	1511556	295934	112443	54701	34283	22926	11935	17383	8864	6057	6843	6495	3589	2657	3845	4681	1949	752	1852	3497	2461	1065	502	1073	3432	774	248	243	3404	1111	329	130	14	469	2191	629	342	67	2	0	766	933	349	57	18	7	1	0	1300
moss_0.06_8x_23.hist	96781692	1458819	294805	109739	56427	34580	24687	21696	8542	8461	9869	7078	3026	4996	5524	1756	2238	2987	2792	1519	1620	2651	1148	1115	2382	2469	556	178	229	3215	1340	397	157	17	1109	1560	447	243	47	205	919	375	198	73	11	2	749	248	81	350
moss_0.06_4x_23.hist	96922930	1532411	288650	110890	53492	33624	29036	14265	8460	9677	11287	7908	3035	2991	3710	5367	3799	1582	640	1575	2975	3079	1333	389	492	1574	3745	1522	506	252	73	20	3213	1114	353	21	5	1	0	1942	646	263	139	51	7	1	0	537	660	395
moss_0.06_2x_25.hist	96916024	1454430	302135	110433	58341	36372	20981	10307	10288	11769	13727	6769	2597	2601	3226	4667	4782	1991	315	492	928	1519	7218	2346	137	75	15	4	0	0	6188	1837	734	83	25	0	0	0	0	2148	970	396	209	77	11	2	0	0	0	1442
moss_0.06_2x_20.hist	97741988	1486274	328562	116857	63989	40057	33192	16307	6489	7422	8657	9781	4721	2608	3235	4681	5504	2292	363	458	865	1415	6721	3241	189	104	22	6	2374	1887	558	164	64	6	1	2427	2318	1263	251	12	3	0	0	0	0	0	0	0	0	2393
moss_0.06_1x_30.hist	96380167	1232531	231744	96655	49719	29400	14846	7293	6302	7208	8407	9499	10390	5742	2970	944	543	398	837	2060	3890	6367	4266	1247	72	39	7	1	0	0	0	0	1782	5346	2511	155	43	22	3	0	104	41	21	6	0	0	0	0	0	2493
