sample	moss_0.001_1x_1	moss_0.001_2x_1	moss_0.001_4x_1	moss_0.001_8x_1	moss_0.002_1x_1	moss_0.002_2x_1	moss_0.002_4x_1	moss_0.002_8x_1	moss_0.004_1x_1	moss_0.004_2x_1	moss_0.004_4x_1	moss_0.004_8x_1	moss_0.006_1x_1	moss_0.006_2x_1	moss_0.006_4x_1	moss_0.006_8x_1	moss_0.008_1x_1	moss_0.008_2x_1	moss_0.008_4x_1	moss_0.008_8x_1	moss_0.01_1x_1	moss_0.01_2x_1	moss_0.01_4x_1	moss_0.01_8x_1	moss_0.02_1x_1	moss_0.02_2x_1	moss_0.02_4x_1	moss_0.02_8x_1	moss_0.0_1x_1	moss_0.0_2x_1	moss_0.0_4x_1	moss_0.0_8x_1
moss_0.001_1x_1	0.0	0.0	0.0	0.0	0.00202679601565333	0.002173382395852752	0.0014215180063805164	0.001667101186968432	0.004089432920685206	0.0040061314588330154	0.0033944088011253594	0.0035405168546233956	0.006381135923594067	0.005978335248668284	0.005094466367338065	0.005113657154502912	0.008159618648552662	0.00747745443158519	0.006734641461941304	0.006900891505892428	0.010392314135718839	0.009408475470962291	0.008619986828529371	0.008586161114881167	0.018506131674566068	0.017739451065749347	0.017067428991622093	0.01687443192519305	0.0	0.0	0.0	0.0
moss_0.001_2x_1	0.0	0.0	0.0	0.0	0.0020451825978827025	0.0019804978462202535	0.0010927323517947421	0.0015076761470185997	0.004064693413051706	0.003764634270252951	0.003212353618831416	0.0033359772936369884	0.006104667425468178	0.0056786833508608425	0.004837186254631751	0.005010804547629938	0.008632716257072043	0.007450181230418455	0.006721102566138131	0.0068977268151969575	0.010629952251678412	0.0093309929099313	0.008314862656485424	0.008446122301533755	0.01893343665542691	0.01783167565700705	0.01706427105177353	0.017168017457796777	0.0	0.0	0.0	0.0
moss_0.001_4x_1	0.0	0.0	0.0	0.0	0.0015874838100420395	0.0014482476221510659	0.0007817133342049183	0.0017478207156288116	0.0036470904716756434	0.0032958617432880103	0.00288019150135542	0.003606860381105393	0.005685403177554612	0.0051985698458085145	0.004487191211807258	0.005215303065624432	0.008348212375572291	0.007073586044449835	0.006465123558605048	0.007145070831664655	0.01017522477938963	0.00876155731465586	0.008034816688602843	0.008602572237727322	0.018589813876216305	0.017480196691280852	0.01690728505077272	0.017332910020303138	0.0	0.0	0.0	0.0
moss_0.001_8x_1	0.0	0.0	0.0	0.0	0.0018123899960993666	0.0018125331304381426	0.0016865383837902672	0.003700168176491324	0.004046460649520589	0.0036215681126648787	0.0035779177308077922	0.00553118641937401	0.005920147836260535	0.005450005897411341	0.005273678661223794	0.007047656212577872	0.008521711520660117	0.007273861196634764	0.007183055256529001	0.008974620198329014	0.01033038243600142	0.009007561895157608	0.00880667841717888	0.010432892858229837	0.01901901812325941	0.017952021987206256	0.017669036924377997	0.019452894818919333	0.0	0.0	0.0	0.00200140451572788
moss_0.002_1x_1	0.0020243816314763612	0.0021089531697024715	0.0016244142430365046	0.0017892465580161012	0.0	0.0	0.0	0.0	0.00502353448424722	0.004973200304980178	0.004482134417035905	0.004466660010474759	0.007131808488437606	0.006993518089678711	0.0060272034485455	0.0059656419865516935	0.00952062377967032	0.008673294055295431	0.007871812576982131	0.007891948079569298	0.011435233650340998	0.010372855878147827	0.009521319281926547	0.009499216754811926	0.019740808822583375	0.018793698122914808	0.018046373351295962	0.01795532998645475	0.0008363748876334076	0.0008386640941564937	0.0006962633917305176	0.0009780998198550437
moss_0.002_2x_1	0.0021033406304859013	0.0019787316400555976	0.0014379644334774882	0.001739819872543555	0.0	0.0	0.0	0.0	0.005180076616162153	0.004913132935340385	0.00425872947646156	0.004359805441469731	0.00727665282713464	0.006720619638401821	0.0058639513637667486	0.006010257288539196	0.009661625699593602	0.00847390142844737	0.0078075836262162315	0.007846347837535949	0.011394402835131118	0.010301325691943572	0.00942467437265582	0.009433431900009868	0.01965626594374959	0.018882429552698244	0.017842878457785545	0.017968007253078545	0.0009934462377275655	0.000611930692526643	0.00045031566073395243	0.0008918902132046407
moss_0.002_4x_1	0.0013860394191522972	0.0010983331722140863	0.000780831054744625	0.0016345993515469183	0.0	0.0	0.0	0.0	0.004385001165990542	0.004002440733828696	0.003607131080392177	0.004421373149866787	0.006424340121690623	0.005950612539675083	0.005210351408260529	0.005966699746902168	0.009083143447915382	0.007797852325678067	0.007155525617140696	0.007909829714445564	0.010878368866537876	0.009558647594484184	0.008901969597711635	0.009361819007935337	0.01933275917475848	0.018275946921690028	0.017605127758980158	0.018081680486764954	0.0	0.0	0.0	0.0008019302643388563
moss_0.002_8x_1	0.0016856000888347542	0.0015683216089991715	0.0018002170045179002	0.003698493579573454	0.0	0.0	0.0	0.0	0.004848101342994503	0.004471859029880174	0.004485664061359207	0.006423814851921396	0.006731432938372241	0.006289431001705728	0.006139453719336485	0.007903631280175294	0.009337716293924728	0.008187145822630157	0.008103469924693223	0.009878561353292343	0.011063483390753288	0.009822443250733523	0.009624851578685504	0.011224612512213504	0.019833398479864733	0.018681626454317264	0.01846698306530705	0.020089498629122036	0.0006464875396007763	0.0	0.0009221425384321377	0.0028802260486301013
moss_0.004_1x_1	0.0040745611745943424	0.004181777945829538	0.0037248817613238605	0.003988772149877627	0.005011232751884119	0.005334216070633854	0.004484505886865016	0.0047837550510019845	0.0	0.0	0.0	0.0	0.009028291236047413	0.0089968288595712	0.00811298985359244	0.008063288619493087	0.01120505400904795	0.01062669845734859	0.00996070676579491	0.00983180208776369	0.01284741147585113	0.012277147207236353	0.011525376276107531	0.01121853628669003	0.02121625493851059	0.020112998921139835	0.019704561490549912	0.01932890194346859	0.00290191294088647	0.0028901925149773257	0.0027856271866661423	0.002980560117417829
moss_0.004_2x_1	0.003871573626038286	0.0037562700176150725	0.003268989412016469	0.0034734102383345493	0.004811591046827715	0.004906592006852546	0.003974841361200551	0.004292822005376109	0.0	0.0	0.0	0.0	0.008675657195995803	0.008476295988865372	0.007664126749588331	0.0077336910405720865	0.011187431069713252	0.010177678763709275	0.009454410911736353	0.009475683887244464	0.013022925466768965	0.011923612004256585	0.011100500369928063	0.011105465566258228	0.021135939320444063	0.020097482578671777	0.01947363709692172	0.019400400204240123	0.002806953515562398	0.00258108378674253	0.0023563373286939844	0.002615598859686949
moss_0.004_4x_1	0.0032974129421846827	0.0032173743374016525	0.0028679648650682594	0.0034571389785162283	0.004358105498988082	0.004268607799661388	0.0035958795589850585	0.0043372287499148345	0.0	0.0	0.0	0.0	0.008376656008168929	0.007947244415399042	0.007183636922380512	0.007780940765623902	0.010845366728658821	0.009766762577898793	0.009070998778739115	0.009649397972049398	0.012596259547256775	0.01136075202940943	0.010648085982258927	0.010941951351480033	0.020749223554132768	0.019676301544518313	0.01930182281859224	0.019561132165845114	0.0021698648146768113	0.0019198025224658804	0.0018904441603588007	0.002653754012399133
moss_0.004_8x_1	0.0035715184611843547	0.003463112634675362	0.00370956055268589	0.005523096532633166	0.004509431437355721	0.004528725307561747	0.004552050583960509	0.006417326681737489	0.0	0.0	0.0	0.0	0.008491619887402553	0.008185142220910161	0.007998100519368737	0.009706797709514783	0.01089133351399962	0.009923691773570232	0.009957326753826708	0.01159118756235773	0.012647092845571188	0.011681553693741572	0.011455269335983655	0.012897905292422195	0.021226799783512947	0.02016384631800088	0.020053706189412334	0.0216420474696833	0.0025639201261619727	0.0022518595318378257	0.0027617809714062923	0.00480072849276972
moss_0.006_1x_1	0.006344676150982105	0.006267928051497389	0.005797110832724972	0.005827462236063147	0.0070994641538851926	0.007478016085252042	0.00655910661879314	0.006632493845624756	0.009009364751020477	0.008927552042320002	0.008582559004564836	0.00838426386149595	0.0	0.0	0.0	0.0	0.013037230004404349	0.01263682559361875	0.011932161474389942	0.011663414075160255	0.014725800101639918	0.01402435563244906	0.013396936929916742	0.013075025922091131	0.02243029623399496	0.021700614291058018	0.021024170451110144	0.02082553510005782	0.005111502561840057	0.005205100103891951	0.00486889645904747	0.004991725967687881
moss_0.006_2x_1	0.005770533573111444	0.005659452541667984	0.005151447528639134	0.005223503670170375	0.00675815309222447	0.006703818731257263	0.005904097802646257	0.006033416646923977	0.00871480895834761	0.008466364050701565	0.007912216615638816	0.007867305332149015	0.0	0.0	0.0	0.0	0.012919034246299293	0.012030515684780866	0.01125362406786944	0.011084021397451953	0.014465600053399618	0.013728777786391456	0.012679286414379796	0.012538459310104137	0.02228817300734083	0.02161795153399576	0.02100965739894321	0.0207851185878875	0.004550812016944437	0.004403847672629953	0.004202048810532131	0.004407702503101808
moss_0.006_4x_1	0.004942921050152234	0.004839496201584891	0.0044643954448453805	0.0050924672417465115	0.0058536577649648995	0.005871253710848291	0.005189717292755532	0.005932516244194042	0.00789563326921659	0.007682406944934895	0.007177472083625084	0.007739994744420161	0.0	0.0	0.0	0.0	0.012464849054978305	0.011209950448904812	0.010612223079009652	0.011115745383993484	0.013885771912048678	0.01284867398405888	0.012243597643655867	0.012484475181262576	0.022189386702902502	0.02111207564425807	0.020702739354872435	0.02089313972842424	0.0038167646103595726	0.0035477376698106306	0.0035097138071087035	0.004295926623343648
moss_0.006_8x_1	0.00514899623125671	0.005193049008995052	0.005357387786508987	0.007031508902252707	0.00601209764069794	0.006232803461604156	0.006135728648150648	0.007889097944864872	0.008140181585528641	0.008027294230459087	0.00802536337550727	0.009698747158779454	0.0	0.0	0.0	0.0	0.012532830705090767	0.01141229010770737	0.011353687230442286	0.012982910165221628	0.01401272462930447	0.013121386937135172	0.012905630572632646	0.014290303100607856	0.022790349965001573	0.02162883499111119	0.02145961471870711	0.02287057168311655	0.003991330989426154	0.00394453345214725	0.004434410068963553	0.006278547270895301
moss_0.008_1x_1	0.008089566136665248	0.008838635077372054	0.00849173548673743	0.00837083825159798	0.009450283756801951	0.009900799205670956	0.009251016889745538	0.009180999328089575	0.011149462385552214	0.011479277315564708	0.011083567693819203	0.010729315688992382	0.012999855109785003	0.013270930032972621	0.012751706196679008	0.012366830683029423	0.0	0.0	0.0	0.0	0.016907384025965023	0.016481621778301852	0.015599147884587536	0.015199345268958237	0.02440326250218213	0.02390171997770556	0.02322816935099878	0.022944833709281125	0.0070430917143291276	0.007673591590668202	0.007588307312591435	0.007566819975158181
moss_0.008_2x_1	0.0072112961989535635	0.007418642187004575	0.0070050707837670196	0.00696906155073555	0.008374260011484943	0.008445506950732528	0.007731894249729787	0.00785113373106377	0.010285014955481583	0.01015703847546995	0.009716997776153554	0.0095341834959826	0.012256259389543223	0.01202018149591114	0.01116405338730395	0.01098095622609544	0.0	0.0	0.0	0.0	0.0161052168858556	0.015221492519606436	0.01450242284360031	0.014267302516739237	0.023605528822003494	0.0232973264966282	0.022416468402904958	0.02224422565833496	0.0063063734654392675	0.006251270612051685	0.006007950516049349	0.006240560292788858
moss_0.008_4x_1	0.006527201488033909	0.0067174049371241966	0.006427308086438127	0.006932538060600028	0.007636826068224662	0.007809308718035534	0.0071216258853506725	0.00782621024418045	0.00968378161742179	0.009467548139090912	0.009055960538235196	0.009630828351369263	0.011622015075986486	0.011280749575886588	0.010603712043669397	0.010994297983216186	0.0	0.0	0.0	0.0	0.015553101093338923	0.014500782762969297	0.013927089799663823	0.014208627318893531	0.023477051378651807	0.022676824095021638	0.022164192630064146	0.022308369179898528	0.005519947490744449	0.005462125802884539	0.005473441812595873	0.006145823536572816
moss_0.008_8x_1	0.006937448201363653	0.007138086614078954	0.007332114690537759	0.008948224330703367	0.00794047735944366	0.008125153039850837	0.008125386508928373	0.009853965967329133	0.009910608382158764	0.009821758411092516	0.009941955742488054	0.011573974494916478	0.01177589211166925	0.011498240713808082	0.011460430018874507	0.012974353987616458	0.0	0.0	0.0	0.0	0.015903954127284146	0.014819766070741662	0.01472127869288987	0.01609772049939066	0.024135023615746855	0.023276356082304644	0.02302544721213373	0.024389226918513994	0.005702574368852612	0.005965783536055087	0.0064656169695213065	0.00839702740236976
moss_0.01_1x_1	0.010296192767376556	0.010875792933773339	0.010345275494980283	0.01014616279131207	0.011342926892366762	0.01166792631123943	0.011073842742979033	0.010875727835748727	0.012774576528117533	0.01335249449884222	0.012865528874786697	0.012455997168168895	0.014673011265051522	0.014848047232224548	0.014196317278486548	0.013822028651101062	0.01689495901273469	0.016543849723718786	0.015915295605814207	0.015709210601375766	0.0	0.0	0.0	0.0	0.026000605084912164	0.025638581679041428	0.024819541747598175	0.02450818322609809	0.009262439373463549	0.009555107619091858	0.009452880277420014	0.009319029969476485
moss_0.01_2x_1	0.009068656439463469	0.009286344729624998	0.008673408149923364	0.008629335695367092	0.010009836887006204	0.010261059556664	0.009474153005932814	0.009418003048938077	0.011876160446266536	0.011892677492793621	0.011297889578934083	0.011221539707415573	0.013594911449834468	0.013709134711710836	0.012790283280541253	0.012623244742677626	0.016023771147829057	0.015212739952696576	0.014448395659891379	0.014275593901714102	0.0	0.0	0.0	0.0	0.0254045174466847	0.024838105721280715	0.02408973809436444	0.02387003498045876	0.007937832838876967	0.008014863172901572	0.007838674241416653	0.007817287987688468
moss_0.01_4x_1	0.008347788552810868	0.008304349649153457	0.007983618041803501	0.008496863289319626	0.009230147909359642	0.009420073337403322	0.008855122647871786	0.009292399896972147	0.011197050856782725	0.011108135700707759	0.010624606574227835	0.011075782196220367	0.013040032268098833	0.01270128452351487	0.012227050123179553	0.012492787964473456	0.015224580277047584	0.014538309711111296	0.013919407075999356	0.014265088419086669	0.0	0.0	0.0	0.0	0.02492229195745029	0.02410382298928725	0.023564933671813473	0.023928629259506444	0.007377436947410108	0.007201111412745111	0.007161582196354631	0.007781503390052605
moss_0.01_8x_1	0.008610675548436147	0.008721057222063379	0.008812447643638303	0.010387904921135937	0.009534932923467434	0.009746982861218074	0.009600202257322504	0.01118128450592174	0.01128290457952789	0.01148567962444061	0.011254083015010553	0.012861125122788811	0.013171765402188304	0.012979243242668899	0.012849126395495828	0.014261401752145542	0.015349739247350403	0.01477622113324937	0.014632206049607256	0.016075880687556467	0.0	0.0	0.0	0.0	0.025449309517253	0.02455373925753395	0.02447610360756027	0.02577982181039159	0.00755090082234143	0.007539718398954116	0.008100679034321786	0.009663674642829197
moss_0.02_1x_1	0.01832691934262803	0.01935337516114683	0.018898816013631196	0.01871104211038167	0.019572252381910245	0.020108030508506614	0.0196760901330306	0.019527111574065215	0.02108430238614709	0.02164653452868865	0.02118221693035959	0.020931981894709115	0.022335612189837258	0.022849792052431935	0.022670858554940047	0.02250377106968753	0.024367460600532017	0.024217399682346825	0.024004349194717035	0.023856397561495338	0.02598104815175782	0.02607294697767098	0.02549414905368301	0.025203244139140744	0.0	0.0	0.0	0.0	0.017436153653232738	0.018287649521380428	0.01811466528817444	0.018054925749911497
moss_0.02_2x_1	0.017092497669048606	0.017733512987517033	0.01730392101338437	0.017225195440416327	0.01812993607896208	0.018794483738849895	0.01811251976572525	0.0179385531655359	0.01944916419908818	0.02002925839783042	0.019561116907915024	0.01939274115433802	0.021028889012088846	0.021568872929605815	0.021007518522305486	0.02082964719518336	0.02322987411846922	0.023263820193143176	0.022583679005085913	0.02244203784611408	0.02493973119084805	0.024816293010330257	0.024018975795176943	0.02371858039087687	0.0	0.0	0.0	0.0	0.016068448932585386	0.016587228525020876	0.016599592075027654	0.016501144991675595
moss_0.02_4x_1	0.016503328553986497	0.01701479560958076	0.016784307286996855	0.017052881187727353	0.017469109606548468	0.017805522909774524	0.017495842408157204	0.01783412665818277	0.01911800737004782	0.019456323709447863	0.01923890714696576	0.019392622620824182	0.020439123269288206	0.021013520390099624	0.02065235905421081	0.020775298057814452	0.022645209126081683	0.022438326485233542	0.0221274615301624	0.02231225390499979	0.024215712672319353	0.024125794683481677	0.023538565935287428	0.023757565644109208	0.0	0.0	0.0	0.0	0.015541365216021731	0.015777425693944407	0.016025173107694926	0.016442810502185563
moss_0.02_8x_1	0.016872488679952235	0.01767395053429931	0.017722520918593106	0.019358481868701167	0.017970612426801726	0.01851118126882719	0.01850681682683435	0.02000069037655733	0.019387463556021	0.020008393291906217	0.020079049361802128	0.021567391474485737	0.020927598377326873	0.02145674495513324	0.02146108329190749	0.022809943546927152	0.02311774748425189	0.022977356153856758	0.02292921621969738	0.024340250587973806	0.024706865306618288	0.02466445562519962	0.024603317287680206	0.025761840984516914	0.0	0.0	0.0	0.0	0.015936696733855813	0.016503960782891375	0.017129925804894346	0.018636126231443895
moss_0.0_1x_1	0.0	0.0	0.0	0.0	0.00083843143412062	0.001027718322999381	0.0	0.0006398832235967897	0.0029161921740249548	0.0029079409998465566	0.0022358275090275624	0.0025437623336552763	0.005147387203971489	0.004720335739233561	0.003937674138007701	0.0039670801076604955	0.007113071069715864	0.006547041926013273	0.005701280431277881	0.005677079891457336	0.009360647441632066	0.008245368954736515	0.0076261222879872494	0.0075362135288050995	0.017627891178570297	0.016697484968793856	0.016091044723237493	0.01595515224925902	0.0	0.0	0.0	0.0
moss_0.0_2x_1	0.0	0.0	0.0	0.0	0.0008171375390976042	0.0006153357911032228	0.0	0.0	0.0028223621204537023	0.0025988122056315884	0.0019253138083855505	0.0021792858598605257	0.0050927885731056974	0.004439141800879923	0.0035617311420294583	0.0038236475446593674	0.007528826248050425	0.006306507427877546	0.005489225513902344	0.005791417517592389	0.00938104347940995	0.008089914848715072	0.007241967004275777	0.007335315831632536	0.017967015173702267	0.016751819175627878	0.015891191796881896	0.016102744019307766	0.0	0.0	0.0	0.0
moss_0.0_4x_1	0.0	0.0	0.0	0.0	0.000681317396959599	0.00045408538242525895	0.0	0.000896121907888302	0.0027308962022425144	0.002378514412712429	0.0019004262307015345	0.002687733164983311	0.004780922353396334	0.00424545135507711	0.0035311949248865338	0.004320683838233244	0.007468849554606116	0.006073753540402381	0.005511174151185185	0.006306362873322035	0.009308150430545082	0.007927215187160122	0.00721468391427654	0.007915024039158794	0.017836412632557547	0.016785957996966413	0.01615807105539971	0.016768518810196826	0.0	0.0	0.0	0.0
moss_0.0_8x_1	0.0	0.0	0.0	0.0020025856948535556	0.0009920017678626022	0.0009302214438379046	0.0008280959889855981	0.0028832288899698884	0.0030276571606075654	0.002730229741547404	0.002748761233982823	0.004810585664679929	0.005077199798566393	0.0046038352223176085	0.004452491366473824	0.006296659662614235	0.00771201668266546	0.006520249387571252	0.006373160327730527	0.008426690960167836	0.00949884746885032	0.008168479308672743	0.008071723541344021	0.009711208054617441	0.018368910012292964	0.017213262673858924	0.01704960699303179	0.01873757452305809	0.0	0.0	0.0	0.0
