sample	moss_0.06_1x_20	moss_0.06_1x_23	moss_0.06_1x_25	moss_0.06_1x_30	moss_0.06_2x_20	moss_0.06_2x_23	moss_0.06_2x_25	moss_0.06_2x_30	moss_0.06_4x_20	moss_0.06_4x_23	moss_0.06_4x_25	moss_0.06_4x_30	moss_0.06_8x_20	moss_0.06_8x_23	moss_0.06_8x_25	moss_0.06_8x_30	moss_0.0_1x_17	moss_0.0_1x_20	moss_0.0_1x_23	moss_0.0_1x_25	moss_0.0_1x_30	moss_0.0_2x_17	moss_0.0_2x_20	moss_0.0_2x_23	moss_0.0_2x_25	moss_0.0_2x_30	moss_0.0_4x_17	moss_0.0_4x_20	moss_0.0_4x_23	moss_0.0_4x_25	moss_0.0_4x_30	moss_0.0_8x_17	moss_0.0_8x_20	moss_0.0_8x_23	moss_0.0_8x_25	moss_0.0_8x_30
moss_0.06_1x_20	0.0	0.0	0.0	0.0	0.0	0.0	0.0	0.0	0.0	0.0	0.0	0.0	0.0	0.0	0.0	0.0	0.05450539575166091	0.05817972693461301	0.06004135910192484	0.060435730038573096	0.06220896896787358	0.05732885589058103	0.060958309220763805	0.06260955214939537	0.06353868254255234	0.06474639980848186	0.0597833356054916	0.0618530669412809	0.06323371990422923	0.06465012438736317	0.065952089791207	0.057662138868403254	0.060136722175596076	0.06240681149452361	0.06341578063934152	0.06575247060048346
moss_0.06_1x_23	0.0	0.0	0.0	0.0	0.0	0.0	0.0	0.0	0.0	0.0	0.0	0.0	0.0	0.0	0.0	0.0	0.05219927754558577	0.05601812075649745	0.05734357709577321	0.05776132938280609	0.059687535311407434	0.05448734726618009	0.05777549963590545	0.05980128901508712	0.06086310624598096	0.06225227987470831	0.055754684480438715	0.05799014421177118	0.06057834820567664	0.06151934817935016	0.06329010111730231	0.05402820384926346	0.05685467569622841	0.0587298895792445	0.0602261440755332	0.06302164946993118
moss_0.06_1x_25	0.0	0.0	0.0	0.0	0.0	0.0	0.0	0.0	0.0	0.0	0.0	0.0	0.0	0.0	0.0	0.0	0.051182314312877925	0.05445605098998423	0.0560891277946178	0.05696294398819206	0.05867800174120021	0.0536172409429786	0.056362597377636124	0.05847041829123938	0.059625158482338354	0.061208244877302066	0.05459114967470872	0.05730245674656666	0.05948707583201449	0.06033123247080345	0.06191460453861299	0.05278223071854711	0.05597682999020107	0.057699810674400824	0.0592550882047507	0.061583904595962274
moss_0.06_1x_30	0.0	0.0	0.0	0.0	0.0	0.0	0.0	0.0	0.0	0.0	0.0	0.0	0.0	0.0	0.0	0.0	0.049115801942725544	0.05271044596324516	0.05464111860924634	0.055079921727598936	0.056637664688180926	0.051514804721857946	0.054709234227719915	0.05670970887494305	0.0578516032224016	0.05922531715439664	0.053117344046008264	0.05542768762637618	0.057238596170873866	0.058446657205411215	0.06012209996387912	0.051832745842575564	0.054093525924538	0.05586282922223004	0.057178405419128955	0.05952747522832706
moss_0.06_2x_20	0.0	0.0	0.0	0.0	0.0	0.0	0.0	0.0	0.0	0.0	0.0	0.0	0.0	0.0	0.0	0.0	0.05144631016685839	0.05452876295489329	0.056442073062002406	0.056466134284804334	0.05753760447473192	0.05424206723535295	0.056567405635413286	0.05841784635997826	0.059909007951251876	0.060487095153553036	0.05518185678269467	0.05750904444314622	0.05974381292364351	0.060632100035502255	0.06224183785761974	0.05484478995474636	0.05634217309659391	0.058167268648793596	0.05920279506490369	0.06154259413082733
moss_0.06_2x_23	0.0	0.0	0.0	0.0	0.0	0.0	0.0	0.0	0.0	0.0	0.0	0.0	0.0	0.0	0.0	0.0	0.0506539143292234	0.0533580731650954	0.05481059143526482	0.05536241831288789	0.056052439865493714	0.05370312905510738	0.055739162008715766	0.05727862335256691	0.05841741894127208	0.05943251870627247	0.05453332127985317	0.05671451465426993	0.05860104542726629	0.05934371311805646	0.06084870318266593	0.05428307361083764	0.0555183756074789	0.057096168791381074	0.058463719116813445	0.0601598904485666
moss_0.06_2x_25	0.0	0.0	0.0	0.0	0.0	0.0	0.0	0.0	0.0	0.0	0.0	0.0	0.0	0.0	0.0	0.0	0.05003117797416628	0.0528387377317945	0.0539436879470954	0.05438943108152417	0.055854592774541224	0.05277998830792606	0.05470773760128979	0.0566757292201446	0.05757879103866788	0.05891785527368465	0.05373011548251685	0.05607097469266669	0.057467282567909915	0.05829295411147465	0.059880773882984684	0.053241218537429906	0.05485628743956271	0.05656488281136086	0.057420288083614365	0.05936929962555726
moss_0.06_2x_30	0.0	0.0	0.0	0.0	0.0	0.0	0.0	0.0	0.0	0.0	0.0	0.0	0.0	0.0	0.0	0.0	0.049902257226108866	0.052353479630877685	0.05363359297214088	0.05418011055703406	0.05575496163954464	0.05210661597440064	0.05456092484890714	0.056082847233279054	0.05720699916884523	0.058340462804294335	0.05352673100336426	0.05575113574927797	0.05716903747084462	0.05815489044673618	0.059541769597818976	0.05344910861857933	0.054725176080188974	0.056132221281690035	0.05743557354949228	0.059102807372830024
moss_0.06_4x_20	0.0	0.0	0.0	0.0	0.0	0.0	0.0	0.0	0.0	0.0	0.0	0.0	0.0	0.0	0.0	0.0	0.05270189909617759	0.05594913795375101	0.057303550114284	0.05788030460169067	0.058790403835720526	0.055557948286267346	0.057750100301911966	0.059765110140212574	0.060669209232858644	0.06197526864366206	0.055901300912893484	0.05834878564904328	0.06070807690450145	0.061665822695171554	0.06322319916638743	0.05629049183810985	0.0570973128311158	0.05902010326747798	0.06025839350238631	0.06258950514790705
moss_0.06_4x_23	0.0	0.0	0.0	0.0	0.0	0.0	0.0	0.0	0.0	0.0	0.0	0.0	0.0	0.0	0.0	0.0	0.05225016850384163	0.05547449757025525	0.056638255724552486	0.05680927538215691	0.05785499673081664	0.05524628097691212	0.05742722948978297	0.058961397288832984	0.06025976748274709	0.06086885784776228	0.0559612654611845	0.05854459177763537	0.06004653150801597	0.06108172080066318	0.062375615224871256	0.05594047709665411	0.05724796262957287	0.05884740838424045	0.0600503473650939	0.062055009802177645
moss_0.06_4x_25	0.0	0.0	0.0	0.0	0.0	0.0	0.0	0.0	0.0	0.0	0.0	0.0	0.0	0.0	0.0	0.0	0.05208801663473396	0.054680698589132326	0.055836632689995974	0.05617699011061062	0.05747325790702292	0.054697117476215806	0.056706537651870656	0.05818385867398445	0.059516884928711405	0.060411793487432267	0.05546054245887481	0.05774680240488482	0.05962580090052356	0.06010444513246155	0.06181484039110501	0.055751319979529854	0.05666584425845403	0.05850412496258189	0.059416956546245014	0.061487079542756035
moss_0.06_4x_30	0.0	0.0	0.0	0.0	0.0	0.0	0.0	0.0	0.0	0.0	0.0	0.0	0.0	0.0	0.0	0.0	0.05156971328400435	0.05419911185371949	0.055487301805981416	0.055676950667729555	0.05693371758188174	0.054199110774786965	0.05637333272284446	0.05770076845743579	0.05901866132257865	0.05958720408324787	0.05554445590614379	0.0574685229342466	0.05900305118890419	0.059876049163035815	0.061005923577648336	0.05512763064632174	0.056554398614899234	0.05801107083264514	0.059053162308746764	0.060690704375748646
moss_0.06_8x_20	0.0	0.0	0.0	0.0	0.0	0.0	0.0	0.0	0.0	0.0	0.0	0.0	0.0	0.0	0.0	0.0	0.054313663182423734	0.058300458830033326	0.059794253432489924	0.06005815421309318	0.061839997513984786	0.056950005587699595	0.06009505979797383	0.06195087721965517	0.06269668827423723	0.06463989007957432	0.05818849472259378	0.060674045291808414	0.06277299917258704	0.06389340989130762	0.06581947498344086	0.05855527547646092	0.05975764583886212	0.06124965803322758	0.06243901501982438	0.06533529684646346
moss_0.06_8x_23	0.0	0.0	0.0	0.0	0.0	0.0	0.0	0.0	0.0	0.0	0.0	0.0	0.0	0.0	0.0	0.0	0.054506642018609414	0.05766251584971685	0.05898346973863723	0.05913291560921163	0.060684418163691446	0.05715990568763689	0.05933468414599784	0.061558212491365984	0.062440600431263926	0.06359047027854407	0.057910120546912525	0.06031986528512709	0.06240725764346133	0.06372972113157745	0.06492923221660869	0.05845874589310526	0.05939110670829953	0.06083590115369674	0.06202453983006458	0.06464466872837436
moss_0.06_8x_25	0.0	0.0	0.0	0.0	0.0	0.0	0.0	0.0	0.0	0.0	0.0	0.0	0.0	0.0	0.0	0.0	0.05419650397879284	0.05726093773053508	0.05835193976392369	0.05874967102395589	0.05968529755867799	0.05743546290406399	0.05919835866467628	0.06062606859142827	0.061966530524267725	0.06280512516778396	0.05782111909716144	0.06013969941636955	0.06197058917394335	0.06270512565309513	0.06434763764735829	0.05831916567447101	0.05919965156501211	0.06042533604107805	0.06200941353658061	0.06389685312663536
moss_0.06_8x_30	0.0	0.0	0.0	0.0	0.0	0.0	0.0	0.0	0.0	0.0	0.0	0.0	0.0	0.0	0.0	0.0	0.05360702435106045	0.056147675747923925	0.057394210420206954	0.057498460245732026	0.05851715710518047	0.05647227461759633	0.0584554463430319	0.05981896027618483	0.060867322154065324	0.061480722653197484	0.057441641198705345	0.059567289985442605	0.061283377676412454	0.06189272003090228	0.0630843145406751	0.05775798757589144	0.05875381260363231	0.060343172469238	0.06105307891113659	0.06274341829014361
moss_0.0_1x_17	0.0586855465334749	0.060250771183869324	0.06024774898182239	0.057944189317914147	0.05468758050790426	0.056026285488575175	0.0562527370835523	0.05729825657559685	0.0570160550810917	0.05820513273937238	0.058779928400300156	0.059291511812400194	0.057740349468757064	0.05937357838105969	0.059877368220766516	0.06061220594884708	0.0	0.0024677412119390113	0.0014771334075885513	0.0016791895613359445	0.0020918689008463027	0.0030223023871909596	0.002602596592426435	0.0022252161082407635	0.002002918055747273	0.0020435205277001354	0.002474035370759089	0.0021742664994318043	0.0022430827918432207	0.0024421339780384553	0.0019840647521541474	0.002358774806881007	0.0021978470897841295	0.0019849370839365526	0.002111986793990178	0.0021892879336571835
moss_0.0_1x_20	0.058554643380158124	0.0602656766250492	0.05968213692933388	0.05782109246245546	0.054102485829813154	0.0551022628749436	0.055453346021246915	0.056100155766308425	0.05650663092040015	0.057758256611187976	0.05769256114238078	0.058258578028347496	0.05768288961520794	0.05864602407150474	0.059135101720637635	0.05939981064604183	0.002220644025823817	0.0	0.0	0.0	0.0005369011851769582	0.0017416987055869468	0.0011910651548786841	0.0006303021775846911	0.0006297806720572328	0.0005770307979969639	0.001549350344920276	0.0008940056633172466	0.0008139764459335824	0.0005649818414993201	0.0004921285861095815	0.0015103263458648318	0.0013093805999571742	0.000718692986900329	0.0006678858902588376	0.0005693056648821307
moss_0.0_1x_23	0.05801572047794052	0.05919549540761199	0.05894501624454258	0.057443955183600744	0.05365103347912963	0.0542629060298718	0.05428151855333609	0.05511094005676781	0.055407038664453304	0.05654004029948277	0.056504798607876765	0.05722816160018337	0.05645339328175852	0.057416436246794385	0.05774470491687363	0.05825207352166373	0.0012360962008693614	0.0	0.0	0.0	0.0	0.0011766957109530282	0.00046237109922959085	0.0	0.0	0.0	0.0007642795769213397	0.0	0.0	0.0	0.0	0.0	0.0	0.0	0.0	0.0
moss_0.0_1x_25	0.057382744045174225	0.058594186092139955	0.05881462317258307	0.05688664446680642	0.05266668308827209	0.05382139536076307	0.05374928319323044	0.054683541548827624	0.05490642655328079	0.05567936729732998	0.055830667670215425	0.056411855499466694	0.05552125252751583	0.05645343012431132	0.05706126438776764	0.057315476549965216	0.0013609960266890958	0.0	0.0	0.0	0.0	0.001292583961973918	0.0004320295928566884	0.0	0.0	0.0	0.0008460351615817142	0.0	0.0	0.0	0.0	0.0	0.0	0.0	0.0	0.0
moss_0.0_1x_30	0.05779177204345062	0.05923238301035428	0.05925949016956392	0.057203890891780795	0.05240128145031799	0.05324305398579975	0.053951359472454025	0.05501334951168734	0.054419462387009974	0.05539499679338444	0.0558214870803241	0.0563941655410996	0.05568405506553051	0.05653127380948358	0.05659900930690027	0.05700506114726222	0.001626289879745526	0.00046978138028260706	0.0	0.0	0.0	0.001220126755385088	0.0006706957604441639	0.0	0.0	0.0	0.0009195117835626847	0.0	0.0	0.0	0.0	0.0	0.0	0.0	0.0	0.0
moss_0.0_2x_17	0.05836598854754339	0.05950701016359524	0.05971379392777719	0.0574565670942544	0.05445721444783958	0.05610358603838358	0.056055660022379404	0.05654186101182018	0.056888779880840554	0.05823875052870377	0.05841503987926652	0.058970126752631226	0.05746453706781169	0.05903439319045068	0.060132976917155044	0.060482647347110854	0.002845407911781886	0.0018164228950623253	0.0013161015241279835	0.0014914977905613838	0.0014689606436289727	0.0	0.002152312303068695	0.0017446508428105754	0.0014205388067884668	0.001753275501477693	0.0020533671661802475	0.0018374754190362684	0.002022444790369625	0.0016120170554693174	0.0016949935106823646	0.001707288596247845	0.0017995206706323836	0.001597971120953107	0.0018507927894716952	0.0016812282443443363
moss_0.0_2x_20	0.05863806592500147	0.059414232426392766	0.059036423392515885	0.05732791941082684	0.05359169875852468	0.05495576385086481	0.054812434415049044	0.05581484841434385	0.05578704851175036	0.05717470343817214	0.05720014363566796	0.057922982979484214	0.05702451235865439	0.057800400486482044	0.058530215134752664	0.05916869827481192	0.0022409359599280037	0.0011343762469454273	0.00046999349088063837	0.000451910723679856	0.0007276281179647025	0.001970001764759833	0.0	0.0008306269985511958	0.0006811544990875895	0.0005725386487325896	0.0013630881644668101	0.000794181985133796	0.0007409355205110109	0.0007409029800445038	0.000668075377894527	0.0011152172505719134	0.0008526904699053676	0.0007814484764822506	0.0007026589650957953	0.0007101514949473916
moss_0.0_2x_23	0.05792040927655919	0.05908972514222027	0.05880833414971746	0.05703849310420684	0.053110633284691955	0.054233674938106276	0.05453863971924585	0.05510486809836597	0.055362574903673724	0.056368013239679944	0.056376683219175376	0.05697189123390394	0.056156518435399184	0.05748210008737782	0.05751606032092628	0.058173858604654856	0.0017833208852866894	0.0005618123700016893	0.0	0.0	0.0	0.0014874554809364982	0.0007781549257777568	0.0	0.0	0.0	0.0009681040119284326	0.0	0.0	0.0	0.0	0.0006254750221921841	0.0	0.0	0.0	0.0
moss_0.0_2x_25	0.057709789387212856	0.059042113013294616	0.058865879334292735	0.057106866488625965	0.05341860537069798	0.054266456796778904	0.05436397387784228	0.05516004224934774	0.05507025178567042	0.056510544771198365	0.05658191288817882	0.057189387025835044	0.05556271798986428	0.05711731755817194	0.05764097696502289	0.05807632915319539	0.0015451308176324887	0.0005433393312675943	0.0	0.0	0.0	0.001166030518830223	0.0006177233356730074	0.0	0.0	0.0	0.0008630954458354686	0.0	0.0	0.0	0.0	0.0005474460616579859	0.0	0.0	0.0	0.0
moss_0.0_2x_30	0.05722961444897817	0.05879805474500329	0.058831981020110176	0.056905021919723436	0.05233664797341326	0.05365880685618718	0.05409173009781722	0.05471638555947469	0.05456621555657599	0.05544290524283678	0.05582119732728915	0.05615154099990199	0.05539798384725101	0.056389771908180196	0.05669753831210642	0.05700992371901814	0.001484240534562394	0.0004734845324104117	0.0	0.0	0.0	0.001358403733820442	0.0004938526696171962	0.0	0.0	0.0	0.0006294118613727602	0.0	0.0	0.0	0.0	0.0004242237324916184	0.0	0.0	0.0	0.0
moss_0.0_4x_17	0.0599825723603008	0.06014180994874422	0.060104474595013606	0.05853826528277311	0.05447040939763792	0.056047081809593245	0.05615868414187365	0.057182526319719006	0.05627629520451088	0.058008467565030766	0.05825542223471285	0.059453565565276804	0.05784180253616391	0.05883544955260974	0.05953803659792792	0.060507181787171016	0.0023297137293632206	0.0016102453744578304	0.0008523288961003237	0.0009739008237472802	0.0011047494108588193	0.002040996548856922	0.0014790037895225474	0.0011293299254182846	0.0010462303418909298	0.0008128007674760241	0.0	0.0012406422623588596	0.0011646204492289363	0.0009577543428342743	0.000996682512274573	0.0011492727199040131	0.0009151525385745698	0.001081789188238917	0.0010343806808483427	0.0009422386670333643
moss_0.0_4x_20	0.05935552510058959	0.059537450228797285	0.059936132256979614	0.058002690180484456	0.054334461377472616	0.055732870094207285	0.055988883127069115	0.05684036024294835	0.05623203178454302	0.058098320477488995	0.05804683766087308	0.0588321863090024	0.05762400043946413	0.05866775050385821	0.05931027510326081	0.0600899820948323	0.0019115527718198205	0.0008634641611852028	0.0	0.0	0.0	0.0017060214752561643	0.000801760051368831	0.0	0.0	0.0	0.001160459316080122	0.0	0.0004562087950404699	0.0	0.0	0.0006930330313829653	0.0004892803508707112	0.0	0.0	0.0
moss_0.0_4x_23	0.058367716061180984	0.05970514139408338	0.05967972920178128	0.05742288127425567	0.05424867108048411	0.055353465970195845	0.05514416843987596	0.05599878231337628	0.056193588934807	0.05728836918957816	0.05763390152760884	0.058085733511390056	0.057049156803197366	0.058268626547412807	0.058731761328364655	0.05946427775524915	0.0018384353368346561	0.0007351489416117977	0.0	0.0	0.0	0.0017534542438137366	0.0007003687694829269	0.0	0.0	0.0	0.0010157224052416093	0.00042788303334887	0.0	0.0	0.0	0.0005540019789627975	0.0004615148927815947	0.0	0.0	0.0
moss_0.0_4x_25	0.058495149021644634	0.059403412606158196	0.05928419438545694	0.05741999690655708	0.05388845449271995	0.05489618546481397	0.05478568925644871	0.05580038645848888	0.055841068046247624	0.05706713684419388	0.05689843311887889	0.057750246992260036	0.05667400778091963	0.05820308684571715	0.058159983972084814	0.05882311576524807	0.0019214607881403126	0.0004918941341053482	0.0	0.0	0.0	0.0013412147064123328	0.0006756495101923093	0.0	0.0	0.0	0.0008006316014080223	0.0	0.0	0.0	0.0	0.0006584956765674856	0.0	0.0	0.0	0.0
moss_0.0_4x_30	0.05739924654597804	0.05882863682430476	0.05855346462345723	0.05683146027712113	0.053041744766800444	0.05406552705154797	0.05408251254327103	0.05493128939310493	0.05481969844714397	0.05593255193392758	0.056216284550625994	0.05656706901549226	0.055618521288593695	0.05672734921570624	0.05721655129250376	0.0575882537975773	0.001424828916100661	0.0003978102525023987	0.0	0.0	0.0	0.001292467713868018	0.0005662501228098364	0.0	0.0	0.0	0.000760236793066754	0.0	0.0	0.0	0.0	0.0003954001876758748	0.0	0.0	0.0	0.0
moss_0.0_8x_17	0.05909007423350356	0.06001197050279181	0.06000614109870946	0.058983394337807554	0.054911757534229506	0.056750320495056926	0.056707106513387825	0.05829551291234783	0.057321650863365305	0.05877443076420604	0.05942234399711481	0.0600160297467072	0.0588317024512861	0.06002945471982886	0.06073821486925965	0.06166359578893145	0.002318180928461889	0.0016500516029163983	0.0	0.0	0.0	0.001760416509241992	0.0012655171891178365	0.000771512279545321	0.0007061972406207977	0.0005893370561768543	0.0011851465730786958	0.0007685785609727066	0.0006660321007104932	0.0008309757305177793	0.0005573859097805676	0.0	0.0007252653207595393	0.0005003023917410571	0.0006918629481988157	0.0005815740093949946
moss_0.0_8x_20	0.05965554163019054	0.060661781780540394	0.06095926946124682	0.058973908321217024	0.0548837979690501	0.056324307409744104	0.05660252255972601	0.05772590434966976	0.05668879820591302	0.05853896792055132	0.05872536581944042	0.0597449715340154	0.05859485618615673	0.05950856847052691	0.0601215215788682	0.061056741866707634	0.0020566901472890333	0.0013484522000635332	0.0	0.0	0.0	0.0017698703578488716	0.0009143883255645264	0.0	0.0	0.0	0.0009046251871292277	0.0005168183018053782	0.0005226212457944359	0.0	0.0	0.0006961498149860911	0.0	0.0004964915856318593	0.0	0.0
moss_0.0_8x_23	0.05949787992705942	0.059894547160502826	0.059950736290263804	0.058065097180945366	0.05457634736848501	0.05571092864683794	0.05608072003338819	0.0568213567270302	0.056479166452659386	0.0579807484218879	0.05838578493457638	0.05896000947712517	0.057782249134743044	0.05875647737087507	0.05916886039884927	0.0604378426272111	0.0017399091082416689	0.0006904594402172837	0.0	0.0	0.0	0.001475522924651943	0.000783201006981928	0.0	0.0	0.0	0.0010059599844393526	0.0	0.0	0.0	0.0	0.0004489882283812026	0.0004673370222191036	0.0	0.0	0.0
moss_0.0_8x_25	0.058899746007957644	0.05973058247342409	0.0598290026718917	0.05773567940899143	0.05409225933180754	0.055557799041221885	0.055430575405810235	0.05659594624471713	0.056139645667327494	0.05764120304239861	0.057770934756479764	0.05847162615956484	0.05720307107070547	0.05830298128463602	0.05914585234703991	0.05958929969826477	0.0017645321066025175	0.0006126614279494357	0.0	0.0	0.0	0.0016315414797872581	0.0006734159043336855	0.0	0.0	0.0	0.0009176006419174899	0.0	0.0	0.0	0.0	0.0005881748120985165	0.0	0.0	0.0	0.0
moss_0.0_8x_30	0.0579532572857142	0.05928645162497978	0.05894102418512156	0.056946265756062396	0.05317286111166516	0.05414552547841811	0.054304072101566334	0.055204421091387526	0.05505866471918456	0.05639563441842762	0.05664866037546117	0.056983519047058714	0.05616082477959719	0.057333945222261734	0.057617599724038425	0.0580283432415573	0.0016338731137624334	0.0004736059143617139	0.0	0.0	0.0	0.0013275578346720713	0.0006185599737220857	0.0	0.0	0.0	0.0007454007047882228	0.0	0.0	0.0	0.0	0.0004317123486034689	0.0	0.0	0.0	0.0
