sample	oyster_0.001_1x_1	oyster_0.001_2x_1	oyster_0.001_4x_1	oyster_0.001_8x_1	oyster_0.002_1x_1	oyster_0.002_2x_1	oyster_0.002_4x_1	oyster_0.002_8x_1	oyster_0.004_1x_1	oyster_0.004_2x_1	oyster_0.004_4x_1	oyster_0.004_8x_1	oyster_0.006_1x_1	oyster_0.006_2x_1	oyster_0.006_4x_1	oyster_0.006_8x_1	oyster_0.008_1x_1	oyster_0.008_2x_1	oyster_0.008_4x_1	oyster_0.008_8x_1	oyster_0.01_1x_1	oyster_0.01_2x_1	oyster_0.01_4x_1	oyster_0.01_8x_1	oyster_0.02_1x_1	oyster_0.02_2x_1	oyster_0.02_4x_1	oyster_0.02_8x_1	oyster_0.0_1x_1	oyster_0.0_2x_1	oyster_0.0_4x_1	oyster_0.0_8x_1
oyster_0.001_1x_1	0.0	0.0	0.0	0.0	0.0027587457265994385	0.002622993865447651	0.0024337738536127007	0.002380066905096837	0.004664360010704581	0.004522622703945513	0.004151289806506932	0.004012136939833843	0.006249969458478813	0.006302784430306786	0.005794252114849919	0.005713116738626988	0.008313727080791448	0.00827347795955141	0.007558432180023973	0.007509260156169061	0.010393258543984714	0.010177583738600737	0.009725355831688301	0.009511578506162317	0.019405554142089325	0.01914946464314055	0.018482715523973153	0.018111186964071574	0.0006845858284406347	0.00039348399011817866	0.00038836257906228766	0.0004569463629307621
oyster_0.001_2x_1	0.0	0.0	0.0	0.0	0.002357024031914188	0.002039364657063378	0.0017421454362728007	0.001723334084242242	0.004403935334829165	0.004092718557728358	0.0035938769974145704	0.003493264953280486	0.0059269819960910165	0.00585804333419702	0.0052274475086284715	0.005236982516617075	0.007992797479513529	0.007750389118078267	0.007061901632073693	0.006910131845026014	0.010138133523604228	0.009660391252164306	0.009066573211348052	0.00885343598527177	0.01941830669785182	0.019094026864477795	0.01838951583133632	0.017947831116127168	0.0	0.0	0.0	0.0
oyster_0.001_4x_1	0.0	0.0	0.0	0.0	0.0024330492815762632	0.0019324159175622365	0.0016106552762099355	0.0016894826413610235	0.004426661569722253	0.0038960784543427738	0.00341666944018116	0.003427756779482065	0.006165655886858339	0.00589214548566673	0.005137244276044321	0.00521361913303559	0.00810975573448877	0.007651778315299086	0.00700872670640576	0.006948740688785665	0.010257630935714548	0.009661971898052651	0.00902371306545405	0.008847196528790256	0.01974969673396733	0.019225775927008686	0.01832229176700515	0.018133220256804413	0.0	0.0	0.0	0.0
oyster_0.001_8x_1	0.0	0.0	0.0	0.0	0.0024122535930527307	0.0019644448327120795	0.0017731331446241754	0.0022724909814133163	0.004421996339515908	0.003941772875825593	0.0035806785765880407	0.00401032988661317	0.006137426397500618	0.005942283368214285	0.005299150665242198	0.005696033374443605	0.008269842806799838	0.007747699929883056	0.007170782676773164	0.007500363759199099	0.010349622763404606	0.00974827928754636	0.009186922815463662	0.009447414776013529	0.019997618675210514	0.01928591189902647	0.01858942069284214	0.018746651035270394	0.0	0.0	0.0	0.0004116310993099834
oyster_0.002_1x_1	0.002757845275849573	0.0024031942200649636	0.0024846887898023378	0.002417384378966242	0.0	0.0	0.0	0.0	0.005671511676161277	0.005766056454860824	0.005278065435176352	0.004947383991052109	0.0075160413473259816	0.007572767123553616	0.006869802920072542	0.006754469642163776	0.00944016425000659	0.009420848027575155	0.008562182839477578	0.008360542159765623	0.011427928370606725	0.0112247943423397	0.010557505961500617	0.010262429571018025	0.020497100386894302	0.020292100738786754	0.019741950144044035	0.01938865061163571	0.0017911938302570911	0.001528274126092988	0.0014941054420903003	0.0014699535792194703
oyster_0.002_2x_1	0.002569970055040049	0.0020379354890255426	0.0019354807717690008	0.0019319343362574862	0.0	0.0	0.0	0.0	0.0056440128619649355	0.00532510642633424	0.004754324709755221	0.004617302763818204	0.007471379389739913	0.0072678969008715495	0.006484150319197661	0.006421157543974222	0.00920991008082591	0.008911523521733135	0.008273447855185152	0.008152507565398098	0.011224075433424725	0.010766115710625149	0.010162099581195922	0.009924531909337037	0.020671716773954574	0.02024897131738533	0.019563782601114677	0.019129366001300684	0.0015067672933608395	0.0010972014741744193	0.0009258438594981845	0.0010633832544822352
oyster_0.002_4x_1	0.0023802923126296106	0.0017366060141666877	0.001609204268013523	0.0017409613028073984	0.0	0.0	0.0	0.0	0.005435556125770895	0.004930828068370809	0.0044365560754486815	0.004444839306186686	0.00719112577286088	0.006910199245197668	0.0061952076266572845	0.006253728566924791	0.00912481682056203	0.008715351655876958	0.008020327615804105	0.007905909761797673	0.011143843710795482	0.010642344586998214	0.009999438611018612	0.009790322430734593	0.0206057042544977	0.020097423153603175	0.01927573615124096	0.01911018559471979	0.0012934628110590964	0.0007156368394890105	0.0005761885965899262	0.000879233623914918
oyster_0.002_8x_1	0.002371885225170433	0.0017493803380259044	0.0017174948686837375	0.00227046911824372	0.0	0.0	0.0	0.0	0.005367500419993836	0.004880141206336879	0.004527092302624095	0.004997158444790252	0.007064726027765488	0.00688517643130463	0.006314038860504546	0.006700843871586203	0.00922461460778753	0.008604828113054491	0.008054720347674314	0.008362277579612928	0.011288419833944269	0.010670236981716727	0.010115188928503218	0.01040285515623455	0.02067433107838132	0.020127967288965817	0.019572439311246047	0.019722758309445237	0.0012400256418302876	0.0006954373231376209	0.0007398903034787144	0.0014175108060336867
oyster_0.004_1x_1	0.004660598495341282	0.004488312326915255	0.004519226149780377	0.0044308482705331526	0.0056687789322239545	0.005756192122380818	0.005554552439359533	0.005384390751694262	0.0	0.0	0.0	0.0	0.009367515294806696	0.00940069794822397	0.008796570897668759	0.008660810423194627	0.011294357337006648	0.011347835195328178	0.01074038045166496	0.010478785780470665	0.013196509926562022	0.012884953243845459	0.012480199864275343	0.012292624549415869	0.022074339857295674	0.02209505927129978	0.021575932935846927	0.0211315539473809	0.003508442145355776	0.0037247460256010115	0.003636852750781312	0.0036668388766703695
oyster_0.004_2x_1	0.0044176451608568075	0.0040775699808806515	0.0038909966241948697	0.0038654550656020297	0.00563408085282919	0.0053092061558470864	0.004929174437937594	0.004791076718192528	0.0	0.0	0.0	0.0	0.009201387053991676	0.009081379109559922	0.008413378443636498	0.008247905510717943	0.011303184996526347	0.010888644415141318	0.010191976111610391	0.009915743254083228	0.0129704881080333	0.012594135361736236	0.01206346784163491	0.011793496831771635	0.022330737058448902	0.022056786720632538	0.021243928914626942	0.020891115139620903	0.003429981841822199	0.0032032887619551226	0.002998872264620738	0.003030634475745199
oyster_0.004_4x_1	0.004049447570331041	0.0035732592061376435	0.003405245303525691	0.0035072400834232384	0.005149897400569711	0.004730145643279912	0.004425731765858895	0.004438793440376088	0.0	0.0	0.0	0.0	0.008742473855378711	0.008679317496120834	0.007949354198252512	0.007875676023610452	0.010816774202117714	0.010392471190975883	0.009784549348385088	0.009625900288250921	0.012758239580820363	0.012227634526727059	0.011760604304589006	0.01156886927614127	0.02221705367699319	0.021764266847178387	0.021027219493178272	0.02081143718869426	0.002981933218109827	0.0025598447017709763	0.0024579506897020767	0.0026773954250266683
oyster_0.004_8x_1	0.0039918328962801975	0.0035405067575982677	0.003479754404034656	0.004001967757025493	0.004923208087913449	0.004682443025612949	0.004516085357230399	0.004991174356407568	0.0	0.0	0.0	0.0	0.00865051028710044	0.008584055909352914	0.0079733508271459	0.008321963474032787	0.010833940781296209	0.010315852952979845	0.009777088106623782	0.010099976764054127	0.012842896475980284	0.012237353467043355	0.011771991141836632	0.012049740249403551	0.022175493905227602	0.021749436504994286	0.02117496476557229	0.021355290710727958	0.00286782146331872	0.0024673757360020115	0.00259529639453094	0.0031471505471850148
oyster_0.006_1x_1	0.006241632977637389	0.006037504209751845	0.006291962620907414	0.006148013025871582	0.007508466877404284	0.007615896879934123	0.007345300932041586	0.007084780494718953	0.009362587601533244	0.00940677285894894	0.008952014094200957	0.008688049203139769	0.0	0.0	0.0	0.0	0.012575828014170492	0.012718245893252397	0.012327789740654424	0.012103604325498542	0.014657018431230982	0.014606738356013853	0.014222009392577855	0.013870253520647925	0.023343417056195675	0.023602137657131504	0.02303455557189794	0.022573351059895618	0.005316349074179437	0.005303187732254218	0.005327599103565827	0.005271869359525685
oyster_0.006_2x_1	0.006154774996673814	0.005834770107666595	0.005883265891342943	0.005826961209444865	0.007397481205561456	0.007244192336593417	0.006906339052714245	0.006759052420215404	0.009187922809340271	0.009078554960981797	0.008696248471770392	0.008439615688506076	0.0	0.0	0.0	0.0	0.012728295163131733	0.012611548672869132	0.012108137500371942	0.011745761771121018	0.0146602802302815	0.014477014817782278	0.01393721326506675	0.013599248470427743	0.023639528587790958	0.02357923942374916	0.023010711881129985	0.02247379156835985	0.0051664183521929275	0.005009957944199565	0.0048942960915583245	0.004948579768361989
oyster_0.006_4x_1	0.005650825547755282	0.005196398097988358	0.005119319418113774	0.005190332284565105	0.006701605308397051	0.006449874226184005	0.00617914963187363	0.006190702718364023	0.008584963068930607	0.008392996861130032	0.007947989732338193	0.007828453313088264	0.0	0.0	0.0	0.0	0.012323652946131625	0.012117678124653744	0.011431304853191574	0.011176373909691176	0.014178293083150287	0.01386813507055244	0.013335638045179014	0.01302431708527383	0.023522075059092512	0.023217989624739158	0.022367236117443866	0.022003644649211274	0.004633192845555761	0.004260463380284673	0.004154238720291824	0.004273150909601374
oyster_0.006_8x_1	0.005676720796380604	0.005301080841372	0.005286704908623918	0.005678666818583494	0.006712713712302084	0.00650353166601821	0.006346736693203946	0.006686347233479564	0.008609721396217943	0.008377534538057396	0.00801182797203878	0.008313904629460552	0.0	0.0	0.0	0.0	0.012460032028392186	0.011995515646280576	0.011465443165987887	0.011718480401687052	0.0144207319345591	0.01387368420107369	0.013378017667012968	0.013540294104698133	0.023600051671230363	0.02302023831168928	0.022441269652576205	0.022588557755693815	0.004559262441079832	0.004294798297113416	0.004297104100325588	0.004866307289779817
oyster_0.008_1x_1	0.00829948789275346	0.008138681534383452	0.008273237600307346	0.008282915728081932	0.009427036138080462	0.009384218591419692	0.009317198426992846	0.009249176492444142	0.011284062740157903	0.011550057980064733	0.0110715904175232	0.010878498110330299	0.012570933362789628	0.013009348340223648	0.012615532758529006	0.012525684782449639	0.0	0.0	0.0	0.0	0.016726138667327025	0.016596643836165267	0.01618249217828865	0.015806702818968066	0.025113743866025762	0.025446972189719384	0.02487655744809755	0.02437624975124703	0.00714663839436797	0.007287495391973697	0.007371808354780616	0.0074753400107768425
oyster_0.008_2x_1	0.00807837901731998	0.007718640207464179	0.007639562055809064	0.007597721378676904	0.009201905399363382	0.008881231381330203	0.00870957261099743	0.00844737828385826	0.011090134902846363	0.01088345516943696	0.010411289093319322	0.010142201237281689	0.012436532545806433	0.012609437986902264	0.012141909617199497	0.011807814006018243	0.0	0.0	0.0	0.0	0.01656535539357424	0.016299252310160387	0.015822576317166107	0.015365923843627206	0.02531546064671222	0.02523037098938663	0.024652260349802696	0.023961639343546507	0.00692025793095535	0.006797826919512872	0.006750287761316975	0.006801097267641583
oyster_0.008_4x_1	0.007369593262149089	0.0070183127050283695	0.006982968564108524	0.00702307550938738	0.008350721010654802	0.008227820860456663	0.007997985026124959	0.007896711745115604	0.010480098875571112	0.010164812168582933	0.009780789581787908	0.009598520667944773	0.01203546648759487	0.012079368414603602	0.011428875231362334	0.011268698613062369	0.0	0.0	0.0	0.0	0.016001368844876948	0.01571894443699225	0.015132424700003741	0.014785969405410939	0.024916616121395237	0.024796508742612303	0.023943498944148513	0.023658034693598777	0.006262988104039255	0.0060201888613330675	0.006066363438168265	0.0061660540127075
oyster_0.008_8x_1	0.007446042381927603	0.006980707831672759	0.007033077544006749	0.007464930010325274	0.008292081394110265	0.008240634943012724	0.008008628386869813	0.008330161353578483	0.01039633113928058	0.010051436381605574	0.009773951433000728	0.010073283838442516	0.012013534343529865	0.011908608426999777	0.01134922089176287	0.011698884186541685	0.0	0.0	0.0	0.0	0.01629753022776203	0.015687272077566015	0.015147847771757931	0.015253797785745319	0.02491415389862271	0.024545756591604496	0.02404708515015548	0.02402357124173175	0.0062177484476049205	0.005998138224362493	0.006128708655579099	0.006652425702510857
oyster_0.01_1x_1	0.01037257759016888	0.010319862599881937	0.010461595207679704	0.010364826116770608	0.011408818596882614	0.011432626494658432	0.011375429839779379	0.011316853102391148	0.013180707810375773	0.013248862407196093	0.013054329512701695	0.012893253730979992	0.014647071056883409	0.014978029750727196	0.014508873350584676	0.014493372266850412	0.016721272199600484	0.016925074476866843	0.016376208517195956	0.01640994361088317	0.0	0.0	0.0	0.0	0.027188863490608218	0.02723000913025789	0.026734592628807924	0.026354578586654975	0.00946910780243554	0.009436978788014312	0.009479412303258028	0.009523016677377092
oyster_0.01_2x_1	0.009938613931953128	0.009621381788856801	0.009647373201294808	0.009561860627190309	0.010965075965155544	0.010730035917144679	0.010635978584319394	0.010477345517290026	0.012593592374254961	0.012588337708719474	0.012250134703086482	0.012033497368836148	0.014284986537653631	0.014474783438279112	0.013896092742518908	0.01365860873994345	0.016239178907073774	0.016299439707968474	0.015753886176188458	0.015473803344440274	0.0	0.0	0.0	0.0	0.027133030935235673	0.02699263465378595	0.02641777203124957	0.02593739799314928	0.008830270454277523	0.00861695202051705	0.008629705352148732	0.008718203733041063
oyster_0.01_4x_1	0.00948269012369765	0.009010682264787871	0.008990895472004596	0.008999243472703086	0.01029722622453698	0.010106150423966356	0.00997187817984434	0.009918395927419854	0.012178565880241956	0.012031243857798286	0.011756187629603043	0.011558642321211192	0.013886045503824131	0.013904150471534538	0.013332898221842101	0.013150084739312989	0.01580767116289181	0.015787755648493423	0.015132506215022443	0.01491703863720659	0.0	0.0	0.0	0.0	0.02686030468500223	0.02660829999651428	0.025779282243252395	0.025620681879977538	0.008346783619663683	0.00797999745335908	0.007974456846859266	0.008137283530688183
oyster_0.01_8x_1	0.009427567131335067	0.008940077725845581	0.00895135444812564	0.009400619929047513	0.010174376404367634	0.010027767215607485	0.009913925344975353	0.010360479537611014	0.01219162782536071	0.011949851456151973	0.01174233033596524	0.012014993286259103	0.01376259361559758	0.013782265100283155	0.01322084626512876	0.013514310387454327	0.01568959496076082	0.01557384360990844	0.01501094573280924	0.015249897773756337	0.0	0.0	0.0	0.0	0.026727110027686404	0.026393182524449773	0.02597216476230502	0.025970668973653282	0.008122007978587831	0.007868746634994685	0.008052591566388037	0.008531299077531128
oyster_0.02_1x_1	0.019371361469892823	0.019761011126547084	0.020136808682174788	0.020034708575460018	0.020467117794634462	0.021048298393874905	0.021026177843430457	0.02073208147302322	0.02205192828036214	0.02279775191995857	0.022720050141768137	0.02226485924618717	0.023331239967039265	0.02413823958821529	0.024055440246792445	0.02371819454223311	0.02510993138395843	0.025849710985627432	0.025483087964621728	0.02508165022417449	0.027192319662598583	0.027700550901178313	0.027464788077789536	0.026910960175412505	0.0	0.0	0.0	0.0	0.01847251893399317	0.01910247236367005	0.019276115117233063	0.019126379129882198
oyster_0.02_2x_1	0.018712524526605236	0.01902152970220533	0.01920016745944874	0.018932280761882293	0.019836568043194773	0.02018529001585581	0.02008769668490354	0.019778263023751817	0.021611561904901988	0.022048318088520043	0.021803842101621552	0.021399957884937183	0.023099638612749933	0.023577073132605247	0.023263310501565052	0.022674367727083266	0.02491816483433234	0.025232057329517287	0.024849053289454793	0.02422035744869621	0.0266757229529983	0.026994130194311114	0.02666319822475223	0.02605105470620306	0.0	0.0	0.0	0.0	0.01788405861723248	0.018271414246225085	0.01831973108843918	0.018071408837929414
oyster_0.02_4x_1	0.018034204550463374	0.01828323621902507	0.018261949702317766	0.018225861835244158	0.019270214620482413	0.019463630727171964	0.019228575562886045	0.0192078626517123	0.021072591037055433	0.021193803978816827	0.02102404329628093	0.02080725705725489	0.022510740379110005	0.02296393307855186	0.022367502240411948	0.02207434830237073	0.024323852415618654	0.024606992683067323	0.023948643127002723	0.023695275744915544	0.026152739077429838	0.026370210490839863	0.025784654788512062	0.025600632718937824	0.0	0.0	0.0	0.0	0.017316233272990682	0.017464085862192197	0.01752236257819786	0.017418253890223435
oyster_0.02_8x_1	0.017943000254832538	0.018109905827292584	0.018333706451490968	0.018650206579299774	0.01921472806857868	0.01931417042867616	0.019337343442986547	0.019638132816850073	0.02095226470636127	0.021151620895092815	0.021106795772965037	0.021288323077092875	0.022393900267418977	0.02275998326396515	0.02231858304974578	0.022538850956424335	0.02419341152303435	0.024270023586869378	0.02400011389573539	0.02400955515010062	0.02616720950048989	0.026270123046686043	0.02598909005151611	0.025962025980540503	0.0	0.0	0.0	0.0	0.01715473927237733	0.017283171668195527	0.017576138425055662	0.017913020639354786
oyster_0.0_1x_1	0.0006850270944981775	0.0	0.0	0.0	0.0017929251761849053	0.001538743976186885	0.0013231677381158183	0.0012447799301025988	0.0035135007175872124	0.003513633921109951	0.0030585231977257217	0.00288361184668433	0.005326781684743337	0.005293922762747418	0.004753361485987653	0.0045905470437136876	0.007163349114795512	0.007091840051716067	0.006427045550506224	0.006273465097806512	0.009493763786242362	0.009048283638222136	0.008565298610479418	0.008198385744288902	0.01851576318317768	0.018312922893024962	0.017757367937671274	0.017325272018632792	0.0	0.0	0.0	0.0
oyster_0.0_2x_1	0.00038612050302218065	0.0	0.0	0.0	0.0015000605079871303	0.0010987767336445077	0.000718398704704203	0.0006854913906628442	0.003657415919968319	0.0032175769088165136	0.002576373167584168	0.0024359272416772	0.005209865461944615	0.00503362465123516	0.004288860479579697	0.004245509015445827	0.007161901614420808	0.006830742917872486	0.006061740238646648	0.005941258415203949	0.00927713466331676	0.008658104273696133	0.008035014883459693	0.007797420203577536	0.018782965952206607	0.018353428863789562	0.017577507544352833	0.01713972223038205	0.0	0.0	0.0	0.0
oyster_0.0_4x_1	0.0003806972166029266	0.0	0.0	0.0	0.0014648713943061604	0.0009254915126914128	0.0005773582251710469	0.0007286083393352701	0.0035666169665113366	0.0030063868574712665	0.0024689824255776887	0.0025592750734373423	0.005226769274765607	0.004907480620504828	0.004173457322872788	0.004242222199355461	0.007234372110742875	0.006768914243859467	0.006095503281162418	0.006061675644151515	0.00930492105350855	0.008652647817015954	0.00801238648122589	0.007967334724056033	0.018924609624197446	0.018363684220298583	0.01759880212218959	0.01740195705408754	0.0	0.0	0.0	0.0
oyster_0.0_8x_1	0.0004565027734413724	0.0	0.0	0.00041201037896538884	0.0014686578690506391	0.001082541856528508	0.0008964208355992245	0.0014200797865480252	0.0036637920927172804	0.003094084513923185	0.0027363462736113586	0.003156626387844923	0.005268893011933993	0.0050523355528924166	0.004367345358784051	0.004885665651894469	0.007471876485266202	0.006943123723604018	0.006302282695923853	0.006690136409931158	0.00951942050418536	0.008897992812354384	0.008315526202913426	0.00858159885081039	0.019109610585474997	0.018427770431528163	0.01778300110819724	0.01802156146141873	0.0	0.0	0.0	0.0
