sample	r1	r2	r3	r4	r5	r6	r7	r8	r9	r10	r11	r12	r13	r14	r15	r16	r17	r18	r19	r20	r21	r22	r23	r24	r25	r26	r27	r28	r29	r30	r31	r32	r33	r34	r35	r36	r37	r38	r39	r40	r41	r42	r43	r44	r45	r46	r47	r48	r49	r50
oyster_0.001_8x_1.hist	64301475	5835992	1299256	500488	251765	157719	135122	120702	84259	58760	68168	39559	23792	39284	22870	10489	16637	22209	11267	6133	11584	12249	5306	2586	5526	11073	2499	803	3671	10110	2994	888	354	1023	10776	672	192	103	3625	3211	1069	437	231	5313	884	293	130	42	13	5762
oyster_0.001_2x_1.hist	63344503	7368653	1328729	555653	288214	171773	86381	77162	116554	117609	56942	28081	17828	29436	36521	28729	16560	6899	5774	14212	26845	8388	3633	1062	792	2536	6035	16094	6553	3275	969	287	113	12	2	0	15194	8375	1674	92	29	11	4	0	0	0	0	0	0	14358
oyster_0.004_2x_1.hist	67014103	6326444	1179862	488143	244652	148074	101506	90673	136963	73925	35792	17650	22466	37095	46024	14643	8440	3515	3835	9439	17829	18714	8108	2371	138	75	16	4	3206	18366	5440	1615	645	73	22	0	0	0	13195	1724	573	234	123	45	6	1	0	0	0	11683
oyster_0.0_1x_1.hist	57295565	14898985	1904178	810810	450416	280929	341715	167889	66105	38312	44689	50498	70207	81877	42368	13479	7769	3236	5987	14737	27836	45570	19746	5777	338	187	41	12	3	0	0	0	11276	30946	9845	614	175	94	17	0	0	0	0	0	0	0	0	0	0	28420
oyster_0.008_8x_1.hist	71888480	4925611	1078017	413835	209699	130727	104408	93266	76620	39075	43135	38757	15770	26038	19067	8350	13244	17680	3092	6199	11709	3909	4258	2780	5940	6937	1565	503	6597	3971	1175	348	1256	3767	4017	250	70	37	6386	353	116	451	1358	508	2568	855	382	126	41	3064
oyster_0.02_4x_1.hist	80936053	3675208	732058	289857	138501	87283	97693	60670	26120	29880	34854	21834	8381	8921	11068	12472	7189	2994	5080	7055	4575	1428	1871	3638	5502	3056	689	220	251	3525	3347	993	396	44	13	0	1941	2572	513	27	8	399	1363	510	84	27	11	2	0	3186
oyster_0.006_8x_1.hist	69881736	5236918	1140550	440830	220214	138054	117928	88791	88019	44889	47150	41288	15850	25529	24284	8567	13588	18139	8526	4640	8765	7847	3399	3671	7845	4786	1079	2878	5956	5102	1510	447	1868	5605	1782	110	30	1656	5664	313	103	41	20	5078	845	280	124	40	12	4354
oyster_0.004_4x_1.hist	67498251	5813265	1178634	479664	227222	143685	166661	119547	50314	57558	67139	33110	28227	36678	18979	7303	11583	15462	19451	10589	6867	2145	2129	4139	8845	13270	2995	963	320	159	3546	7092	7555	870	276	16	3	2227	6994	387	128	51	129	5281	879	292	129	42	13	6104
oyster_0.008_1x_1.hist	71539980	5449453	1031809	425373	210695	128224	85429	76312	115269	88310	42756	21085	8094	8772	10882	15747	24977	33343	13008	7081	4592	1434	620	288	616	1971	4690	6097	2031	1014	299	88	21099	3435	1092	67	18	9	0	0	0	0	0	0	0	0	0	0	0	13849
oyster_0.002_2x_1.hist	64719684	7029683	1300418	539629	273109	163945	98730	88193	133217	97682	47294	23323	16781	27707	34376	35698	20578	8573	1489	3666	6924	11334	26966	7889	463	256	56	17	11190	9974	2954	876	349	39	11	0	4594	14192	2837	156	51	19	9	2	0	0	0	0	0	14572
oyster_0.0_4x_1.hist	62452881	6866028	1378247	563601	271533	169459	174601	153367	60387	61398	71618	67414	25881	17367	21547	31178	27235	11347	3500	8616	16275	16149	6997	2046	2620	8385	10238	3296	1097	547	4894	9650	3859	444	140	7	3986	6826	1364	74	23	5211	2765	1035	171	56	24	7	1	9240
oyster_0.01_8x_1.hist	73836417	4636323	1017148	388724	198074	122963	122541	70529	76211	38866	35569	30373	20392	22793	12024	17399	11290	4739	9976	9234	5989	1870	4779	8102	988	3163	7527	2423	806	402	5855	3409	1362	156	48	3953	2417	1317	262	13	3	3352	1961	734	121	39	16	1314	1653	990
oyster_0.01_2x_1.hist	73309109	5414352	994828	401757	209699	125777	81090	72436	106929	54533	26402	13020	18101	29886	27302	8686	8383	11190	12863	7002	4540	1418	969	1883	4024	12877	8884	2860	952	475	139	40	15	0	11098	692	198	107	1968	3382	1126	460	243	90	14	3	0	0	0	7578
oyster_0.008_4x_1.hist	71592578	5241155	1063298	427135	203638	128713	145031	109398	43074	45844	53475	42125	16172	13704	17003	24603	14186	5909	4513	11109	11815	3691	1598	2064	4410	11522	2600	836	507	7099	2102	623	999	2996	5361	334	95	50	9	2577	4627	1895	1005	375	61	19	7	1	0	5633
oyster_0.02_1x_1.hist	80375572	4032401	657542	277040	147039	89074	69861	34322	21467	24558	28645	32368	21380	11818	6114	1944	2462	3287	6919	13274	8609	2689	1164	2263	4055	2251	507	162	53	25	486	972	9994	1152	365	21	5	1	0	0	0	0	0	0	0	0	0	0	0	7410
oyster_0.01_1x_1.hist	74086178	5530566	1134932	419738	236435	148607	179748	121348	47780	24366	18209	20575	28605	47231	30156	9594	5529	2303	808	1988	3754	6146	29194	8541	501	277	61	18	5	1	0	0	6674	13968	4443	276	78	41	7	0	0	0	0	0	0	0	0	0	0	12549
oyster_0.004_8x_1.hist	67771670	5443454	1197134	461508	232259	145088	123226	110075	72114	56776	58440	28820	31436	32961	17055	11012	17466	21701	3451	6596	12459	8620	3734	3745	2972	9510	6017	1936	644	321	9220	4214	1684	193	60	6200	1781	970	193	1269	3801	1556	825	308	50	2149	1815	604	200	2909
oyster_0.006_4x_1.hist	69482738	5596665	1116463	454688	215928	136163	150268	123419	48595	54010	63000	31864	15370	25378	31486	10017	8428	11250	15605	8495	5509	2709	12867	4506	500	1600	3807	10152	4369	2183	645	190	1000	2999	9124	569	162	87	16	0	3529	3674	1949	730	120	39	16	4	0	6386
oyster_0.006_1x_1.hist	69528167	5579283	1094646	443296	226197	136675	99694	89055	117381	59863	28983	14293	15969	26367	32714	37778	21776	9072	1442	784	507	760	3612	7023	15007	13178	2974	956	317	157	45	12	2167	6501	12942	807	231	125	24	0	0	0	0	0	0	0	0	0	0	15651
oyster_0.0_8x_1.hist	63017150	6058908	1348987	519961	262674	164099	134219	119895	97739	57387	60769	58158	22327	28409	35248	15492	11426	14301	20830	11339	7354	3517	16705	5192	1436	4596	10938	4076	1357	677	6015	7241	2895	333	104	3801	5531	3015	602	32	9	2495	5443	2040	339	112	49	15	171	6691
oyster_0.008_2x_1.hist	71417551	5597394	1042390	428726	210676	129658	117845	85187	75127	81043	39238	19350	13390	22108	27430	24328	14023	5842	1475	3631	6858	11226	16745	4898	287	158	34	10	626	8767	11059	3285	1313	150	46	1	0	0	1655	6608	2201	901	477	178	28	8	2	0	0	7240
oyster_0.0_2x_1.hist	62013601	7879711	1433799	597725	307003	183552	98539	88023	132959	121559	58855	29025	15333	25317	31411	45453	27223	11342	1835	4516	8529	13963	24409	7141	419	231	51	15	18785	9391	2781	825	329	36	10	0	0	18236	4373	241	79	31	15	4	0	0	0	0	0	15302
oyster_0.02_8x_1.hist	81214019	3404529	729931	278285	141752	87535	90060	57005	34930	37664	18235	19757	16414	9072	8441	12213	7039	2953	6215	6060	3930	1769	5978	1748	1302	4167	940	1431	3057	1527	451	133	2156	1945	617	37	9	2331	465	24	7	1433	759	283	46	14	232	1493	496	297
oyster_0.001_1x_1.hist	58502496	15414728	1925965	817639	453851	282939	317366	155926	61394	45117	52627	59467	82677	60130	31114	9899	5705	4717	9929	24440	46165	25750	11157	3263	190	105	22	6	1	0	7490	14979	27390	3158	1004	61	16	8	0	0	0	0	0	0	0	0	0	0	0	30627
oyster_0.004_1x_1.hist	68028878	6040008	1205104	494433	240955	146927	104586	93424	141118	71969	34844	17183	20619	34044	42239	20236	11664	4859	1356	3338	6304	10320	31899	9333	548	303	67	20	5	1	0	0	12019	16388	5213	324	92	49	8	0	0	0	0	0	0	0	0	0	0	18106
oyster_0.001_4x_1.hist	63881146	6444325	1317760	537379	256398	160673	167841	149929	70669	50925	59402	67123	26315	16823	20872	30202	24337	10139	3721	9158	17298	15289	6624	1937	1076	3444	8196	9916	3304	1651	488	144	11267	5195	1652	102	28	14	1	8149	3776	1546	819	306	50	15	6	1	0	9018
oyster_0.002_8x_1.hist	65634586	5799708	1276612	493452	246825	154847	134351	120013	66948	76588	55522	30075	41813	28458	14725	16693	26477	11031	5979	14717	13404	4187	5486	10668	1171	3748	7974	2567	854	7480	3543	1051	2202	6605	2100	130	2824	1539	1490	3703	1233	504	266	2858	2139	712	318	105	34	5820
oyster_0.01_4x_1.hist	73329430	5120038	992107	404028	191860	121106	137474	90248	41692	47695	55634	27757	10655	16317	20245	20514	11824	4926	3096	7621	14394	4497	1947	1103	2357	7542	7274	2341	779	388	800	1599	10284	1185	376	22	5	1	0	5725	1907	780	413	154	24	7	415	3301	1099	658
oyster_0.002_1x_1.hist	65210431	6465788	1234571	512529	259753	156410	102762	91795	138657	95144	46065	22717	14252	23532	29196	42247	24353	10146	1613	1331	2514	4115	19547	27024	1588	881	198	62	19	8	1	0	18079	13752	4374	272	77	41	7	0	0	0	0	0	0	0	0	0	0	19712
oyster_0.006_2x_1.hist	69386107	5754311	1083251	448841	226046	135763	82402	73608	111185	89335	43253	21330	12570	20755	25751	29007	16720	6966	1655	4074	7695	12597	8828	11274	662	366	81	25	1131	15833	4690	1392	556	63	19	0	646	12240	2447	134	43	17	8	2	0	0	0	0	0	10698
oyster_0.02_2x_1.hist	80792898	4039675	693381	288413	147092	87535	45838	40945	61847	51531	24949	12303	4774	7882	9778	14149	16192	6746	1072	611	1153	1887	8964	8007	470	260	57	17	346	4847	4508	1338	534	60	18	0	0	0	5230	294	97	38	19	6	0	0	0	0	0	4811
oyster_0.002_4x_1.hist	65124634	6279644	1287326	520547	247642	156533	184166	118724	57890	66225	77249	38096	18006	29729	36886	14852	8560	10130	21327	11610	7530	2352	7958	15473	3961	2199	495	158	10911	8585	2542	754	300	33	374	10897	3132	1707	340	17	4	1131	5583	2092	347	114	50	15	4	7666
