sample	r1	r2	r3	r4	r5	r6	r7	r8	r9	r10	r11	r12	r13	r14	r15	r16	r17	r18	r19	r20	r21	r22	r23	r24	r25	r26	r27	r28	r29	r30	r31	r32	r33	r34	r35	r36	r37	r38	r39	r40	r41	r42	r43	r44	r45	r46	r47	r48	r49	r50	genome_length
oyster_0.001_1x_1.hist	59396598	12374850	1586539	675835	378428	237083	345832	189964	74797	38145	18468	20550	28570	47173	58528	60611	34939	14557	2314	1259	1896	3103	14741	28662	6554	3640	821	263	86	42	11	2	40544	4676	1486	91	25	12	1	0	0	0	0	0	0	0	0	0	0	26042	106563783
oyster_0.02_2x_1.hist	80750606	4126162	711509	294200	147159	88276	54302	48506	73269	37945	18371	9059	7365	12161	15088	16195	9334	3888	617	1501	2835	4641	10415	3046	178	98	21	5	4734	5489	1625	482	191	21	5	0	0	648	5340	295	97	38	19	6	0	0	0	0	0	4517	98044460
oyster_0.001_8x_1.hist	64278910	5946944	1313107	508422	253369	158976	135265	120829	78701	70481	50575	57148	23502	26296	32626	17770	11518	15375	16258	8850	6640	10871	10091	2951	3452	11048	3995	1285	751	10521	3116	924	1661	4982	3743	232	65	7936	1586	87	883	795	421	2678	2694	897	401	132	43	5634	94930588
oyster_0.006_1x_1.hist	68126414	5466799	996264	419396	222028	134256	103656	50926	74500	37994	22610	25549	35519	58648	33463	10646	6136	2555	405	926	1748	2861	13591	26426	7408	4114	928	297	98	48	13	2	0	0	5862	13033	3745	2042	407	21	6	1	0	0	0	0	0	0	0	12180	93556060
oyster_0.0_8x_1.hist	63272526	5990490	1341202	516104	260150	162658	125039	111695	111100	60777	46472	52512	42358	23414	26399	15113	23971	14265	5911	14549	17060	5330	4638	9017	6270	3482	3494	9318	3105	1551	1698	3396	9055	1043	331	1399	5861	3196	638	34	204	4849	2573	963	159	52	22	1985	3852	2310	94484336
oyster_0.008_2x_1.hist	71393161	5590196	1032604	428417	216692	129865	75423	67373	101768	89182	43178	21293	8174	12556	15578	22542	32425	13509	2148	1168	937	1533	7285	14164	9904	5501	1241	398	131	64	18	4	13539	4313	1371	84	23	11	1	4896	1631	667	353	131	20	5	1	0	0	9162	97512749
oyster_0.01_8x_1.hist	73658797	4736806	1021938	394691	197241	123581	96132	85872	71695	38014	44342	28575	16432	27131	15310	7585	12031	15226	2421	5781	10368	3239	2946	5728	6820	3787	854	880	7253	3625	1073	317	450	1351	6665	415	118	63	1662	3042	1013	414	218	1996	1167	388	172	56	17	3007	96130804
oyster_0.02_8x_1.hist	81059474	3404926	727529	278124	140830	87207	83241	53075	40355	35800	17332	19585	17480	9662	8466	11915	6867	2860	6014	6033	3912	1221	5509	1651	3451	1916	1107	2953	2013	1005	297	104	4954	570	180	10	4	2693	537	28	8	2	1815	784	129	42	17	4	432	1919	96782120
oyster_0.006_4x_1.hist	69439606	5646058	1107355	452452	217364	135947	142366	127173	50073	48495	56567	44959	17260	16791	20832	23183	13363	6977	14688	8782	5696	1779	4977	9676	7945	4413	995	319	3347	9872	2924	867	346	38	11	8779	2522	1375	274	14	3	1161	4284	1605	266	87	38	11	2	6815	96698976
oyster_0.002_8x_1.hist	65612206	5720985	1268151	489152	245023	153621	130848	116884	88299	50983	59470	53411	20505	22717	28185	21793	12562	8066	16980	14278	9260	2893	6786	13194	775	2049	4877	9296	3097	1547	1966	3932	5989	689	624	6369	1830	997	198	10	4820	2048	1086	406	66	2255	1010	335	110	5315	95091304
oyster_0.004_8x_1.hist	67644673	5474305	1200440	464925	231491	145196	119578	106817	87234	46000	53657	41530	26281	28050	17688	14178	22489	12508	5345	13158	8534	6484	7279	2129	3097	9910	4057	5056	1684	841	3441	6881	2751	316	99	3427	3920	2137	426	22	2087	854	452	4522	776	257	114	37	11	5607	95372213
oyster_0.008_8x_1.hist	71710088	4991413	1084380	418281	208995	130934	101291	90481	77710	41902	48877	29814	16117	26610	17023	10476	16617	11093	8065	4390	6745	11042	4949	1447	2870	9184	2197	706	4859	2630	4448	1320	527	59	5161	2555	733	399	78	2428	3414	1398	741	277	45	14	2196	731	242	2076	95892790
oyster_0.01_2x_1.hist	72999761	5302139	947525	395136	203155	121229	66836	59703	90181	80890	39164	19314	7741	12781	15857	22945	23740	9890	1572	1150	2172	3556	16892	5409	317	393	935	2494	11453	5725	1695	502	200	22	6	0	0	1574	10418	577	191	77	40	14	1	0	0	0	0	7167	97112061
oyster_0.001_4x_1.hist	63763140	6569104	1332293	542548	257612	162835	191629	122896	55434	63416	73972	61480	23602	18633	23118	32590	18786	7826	5911	14549	20089	6276	2718	2233	4772	15269	6245	2010	669	333	8956	2660	1063	121	12281	766	219	118	22	2205	6224	2550	1352	506	83	26	11	2	0	8842	96356832
oyster_0.02_4x_1.hist	80798685	3765379	715612	290378	136739	86225	95163	67341	26514	27480	32053	21333	8189	9279	11513	12949	7463	3108	2118	5213	8353	2609	1129	1585	3386	6699	1511	485	160	79	1437	2873	3850	443	140	7	1	0	342	2868	955	390	206	76	11	2	0	308	2025	1214	97317380
oyster_0.008_4x_1.hist	71374253	5442028	1068847	434782	205630	129992	145229	113415	44656	46594	54349	41539	15947	13047	16187	16267	14151	18890	4791	2607	4924	8061	12794	3742	436	1396	3321	8856	4034	2016	596	176	1169	3507	6941	432	123	66	12	1957	4476	1833	972	363	59	18	7	1	0	5804	96914233
oyster_0.004_1x_1.hist	67937765	6083979	1231795	504511	244405	147092	61865	55262	83473	95492	111388	54933	21089	11657	6031	3409	5406	7216	15192	34280	22235	6947	3009	879	1878	6010	3231	1039	345	171	49	13	21091	7603	2418	150	42	22	3	0	0	0	0	0	0	0	0	0	0	18226	96450001
oyster_0.004_4x_1.hist	67405067	5939152	1193732	485965	230458	145423	160803	127809	51810	59270	69136	34095	20170	33304	19030	10775	17091	22816	12424	6763	4386	3245	15415	5114	758	2424	5769	9932	3309	1653	489	144	3832	8369	2661	165	46	3033	605	32	9	3428	3599	1348	223	73	31	9	2	7437	96578427
oyster_0.001_2x_1.hist	63189942	7376926	1330220	556666	289348	172685	98053	87588	132303	93171	45110	24470	34020	56172	36793	11705	6747	3173	6680	16443	31058	12168	5272	1541	299	958	2280	6079	16623	8310	2461	730	291	32	9	0	0	7705	12313	683	226	91	47	16	1	0	0	0	0	13252	97862599
oyster_0.02_1x_1.hist	82582343	4968145	1031770	366515	200242	127106	86196	76997	85884	43800	21206	10457	4013	5336	6620	9579	15194	20282	7667	4173	2706	844	365	163	349	1116	2657	7085	2360	1179	629	1257	7825	901	285	16	3	1	0	0	0	0	0	0	0	0	0	0	0	8584	101641891
oyster_0.01_1x_1.hist	74226709	5768226	1223933	444491	251448	158503	167612	149725	62024	31631	15314	12728	17695	29217	36249	26474	15261	6357	1010	549	426	697	3312	6439	13758	17415	3931	1265	420	209	61	17	5	0	2762	8660	2488	1356	270	14	3	0	0	0	0	0	0	0	0	13130	99277299
oyster_0.0_1x_1.hist	62024024	8776267	1574062	618299	343119	213874	272972	134114	52806	26930	31412	35495	49348	81480	56822	18078	10420	4341	1020	2510	4741	7761	36868	21222	1247	691	155	48	15	6	0	0	25887	13034	4146	258	73	38	6	0	0	0	0	0	0	0	0	0	0	25780	100047821
oyster_0.008_1x_1.hist	71764074	5693986	1145927	447330	219511	139044	144827	129371	101240	51631	24997	12327	10125	16717	20740	30011	39730	16553	2632	1432	928	289	560	1089	2327	7447	17724	7523	2506	1252	370	108	42	3	0	10359	2977	1623	323	16	4	0	0	0	0	0	0	0	0	13844	97333147
oyster_0.0_2x_1.hist	61913297	8028243	1423577	596326	310918	185870	79545	71056	107330	122785	73838	36414	17462	28832	35772	36429	20999	8748	2180	5365	10134	16590	24993	7312	429	237	52	15	16569	8871	2627	779	310	34	10	4409	11973	6530	1305	71	22	8	3	0	0	0	0	0	0	17250	99074514
oyster_0.0_4x_1.hist	62690481	6689063	1378061	560884	265807	168081	196767	141260	55620	63628	74220	54027	20741	33066	41025	13052	8112	10829	22797	14435	9362	10898	4721	2952	6308	15315	3457	1112	369	183	9362	8840	3535	406	128	7	7435	4054	809	43	13	2925	3711	1390	230	75	33	10	2	9683	96008687
oyster_0.006_8x_1.hist	69980827	5118123	1131815	434194	219882	137119	114387	102180	75582	45387	52942	37061	19354	28275	14630	13853	20481	8532	5147	12668	9926	3100	3179	6181	7292	4050	1395	3719	5642	2820	1189	2378	5301	610	1083	3618	1039	565	112	4431	1476	604	319	118	2616	1260	564	187	61	3769	95462459
oyster_0.002_1x_1.hist	60838329	13620664	1706113	724547	404242	252740	328370	161332	63523	39895	46536	52584	73108	55188	28557	9085	5236	4626	9739	23973	45281	19100	8275	2420	141	77	16	4	0	0	1920	3839	39058	4504	1432	88	24	12	1	0	0	0	0	0	0	0	0	0	0	27388	110940093
oyster_0.004_2x_1.hist	67010600	6122809	1153316	478936	242957	145794	92846	82937	125277	85985	41631	20530	12814	21158	26250	37985	21896	9122	1607	3955	7469	12228	20068	5871	344	190	41	12	3566	17057	5053	1500	599	68	20	0	0	0	13779	764	253	103	53	19	2	0	0	0	0	11109	96615968
oyster_0.002_4x_1.hist	65145087	6281617	1277718	520081	246534	156019	178305	148742	58566	53073	61907	61598	23648	15446	19164	27731	21241	8849	5104	12562	21726	6788	2940	1392	2974	9517	10859	3496	1164	581	1424	2847	13432	1548	491	29	7	4806	1292	70	422	5110	2711	1015	168	55	23	6	1	8236	96356143
oyster_0.002_2x_1.hist	64854534	6972186	1281063	533700	273534	163267	81044	72394	109352	123964	60019	29599	11566	19097	23693	34285	28298	11790	1938	4769	9008	14747	17605	5150	301	166	36	10	18219	9108	2697	800	319	35	10	0	0	15405	4394	243	80	31	15	4	0	0	0	0	0	13405	97929635
oyster_0.006_2x_1.hist	69624071	5725331	1132336	461235	219197	137911	141610	126497	89324	45554	22055	22415	31163	51454	28892	9192	5297	2553	5375	13231	21834	6822	2955	863	517	1654	3937	10497	8530	4264	1262	374	148	16	4	0	2117	12981	2595	143	46	18	8	2	0	0	0	0	0	10728	97229368
oyster_0.01_4x_1.hist	73328945	5120004	999534	407184	193590	121995	134231	99624	42225	48304	56174	27702	11636	19213	23837	11627	7949	10610	11019	5998	3889	1337	6352	12196	716	1072	2552	6805	5013	2505	741	219	86	9	9660	602	172	92	17	0	2850	2833	1503	562	92	29	12	3	0	4859	97016313
