sample	r1	r2	r3	r4	r5	r6	r7	r8	r9	r10	r11	r12	r13	r14	r15	r16	r17	r18	r19	r20	r21	r22	r23	r24	r25	r26	r27	r28	r29	r30	r31	r32	r33	r34	r35	r36	r37	r38	r39	r40	r41	r42	r43	r44	r45	r46	r47	r48	r49	r50	genome_length
moss_0.001_4x_25.hist	53744246	7738386	1610393	677399	357764	219240	200233	178865	191752	97793	55995	63273	80160	44312	28008	40528	64286	26784	7422	18269	34508	43657	18917	5534	1598	5115	12173	32461	12583	6290	1862	552	220	24	29678	5356	1538	838	166	8	1621	13906	7380	2766	460	152	67	21	6	18975	101469308
moss_0.0_8x_novaseq_profR.hist	53244123	6487659	1497115	598971	308685	194432	219091	195710	105881	121126	94135	58815	47129	67373	34862	27811	44114	43875	12150	29906	36018	11254	12060	23450	20398	11331	2773	7395	20807	10402	3081	914	5529	16588	5277	328	93	1578	17251	957	318	2259	1198	10933	3153	1050	469	155	50	14632	99217634
moss_0.0_1x_novaseq_profR.hist	50201226	9754160	1725626	739932	413331	258600	352986	173426	68285	59637	69564	78606	109286	102443	53010	16866	9721	6147	12940	31852	60165	70175	30408	8896	522	289	64	19	5	1	0	0	78864	16654	5298	330	93	50	9	0	0	0	0	0	0	0	0	0	0	51216	104123770
moss_0.001_2x_HiSeq2500L150R.hist	61179836	10179950	2263374	856708	485813	306437	425386	254843	100343	57041	66536	75185	104529	119498	61835	19674	11340	5053	10638	26186	49462	80975	35088	10266	602	1047	2492	6645	22924	11461	3394	1007	402	45	62295	3892	1118	608	120	5	0	0	0	0	0	0	0	0	0	53774	105017241
moss_0.001_2x_novaseq_profR.hist	51026510	12025026	1975791	845638	469907	293130	261276	128368	98600	112797	131574	147139	56490	31226	18246	26402	41878	55905	60883	33146	21499	6717	2909	5222	11158	35707	48971	15769	5255	2626	777	229	90	9	2	33138	19656	10720	2143	118	38	14	6	1	0	0	0	0	0	41971	114232847
moss_0.01_2x_novaseq_profR.hist	64931609	7371767	1310783	556120	301326	185109	146080	71770	66947	76587	89336	100948	39863	22035	15861	22951	36404	48597	20637	11234	7286	2276	8999	17497	20194	11218	2532	814	270	3785	19351	5749	2298	264	83	4	0	0	20303	3352	1116	456	241	89	13	3	0	0	0	21113	105348001
moss_0.001_8x_20.hist	55244345	8149575	1727332	715245	359440	225963	278924	137038	180865	92240	76349	86273	55907	42190	52346	26343	41785	53964	8584	19704	37219	30557	13240	4747	10143	32456	12006	3865	1287	642	31655	9404	3760	432	136	7	1	0	0	0	0	0	0	0	0	0	0	0	0	0	65520837
moss_0.01_8x_MiSeqv3L250R.hist	66441270	5787772	1273647	512267	255592	161492	204595	100519	89382	102252	49507	41329	57460	42919	22208	23697	37588	25507	6831	16814	26038	8136	4239	8243	17613	10257	2315	744	1200	16805	5000	1484	592	67	13259	2203	632	344	7293	1501	499	203	7207	2701	449	148	65	20	5	11776	93105811
moss_0.01_8x_23.hist	66419168	5597247	1254122	499400	251758	158654	160828	125423	92510	84817	50971	57597	49420	29175	36198	38091	21957	10934	23019	20079	13023	4114	19541	10625	2889	9246	9780	3148	1048	10651	7417	2202	880	100	13642	851	243	132	10018	1071	356	144	378	8108	1350	449	200	65	20	9815	98753534
moss_0.01_1x_HiSeq2500L150R.hist	67653883	10715982	1518801	653908	369892	233015	347665	296700	116824	59579	28846	14225	13144	21702	26926	38962	61802	82503	34174	18604	12067	3769	1632	476	27	14	2	0	3985	55798	17993	5345	2137	245	77	3	0	0	0	0	0	0	0	0	0	0	0	0	0	47924	110702412
moss_0.0_8x_25.hist	53054678	6741352	1546386	621634	319193	201194	205806	166110	173948	88712	75696	85536	50702	38568	47852	47487	27374	29089	42443	23107	16977	27794	21444	6273	9644	30860	10230	3293	1096	13807	17066	5069	2026	232	17815	3649	1048	570	9866	4924	1640	671	3186	11207	1866	621	277	91	29	15763	98522637
moss_0.01_8x_20.hist	66557227	6411608	1343588	552167	270607	171157	220010	108093	84688	96883	61930	39523	54948	45627	23609	25093	39803	17569	9413	23171	23196	7247	3795	7378	15766	13924	3143	1011	985	13799	8216	2440	975	111	9408	2350	674	6628	4642	256	84	33	7027	3285	546	181	80	25	7	11539	96296913
moss_0.0_2x_MiSeqv3L250R.hist	51151099	11341073	1910267	819382	458132	286783	371478	182512	71863	78091	91090	102931	124459	68800	35601	11326	14470	19316	40664	69851	45308	14157	6134	2863	6117	19576	46590	24796	8264	4131	1223	362	143	15	3	34639	17731	9670	1933	106	34	13	5	1	0	0	0	0	0	44161	100592750
moss_0.0_2x_HiSeq2500L150R.hist	58175859	12370511	2331092	979108	514818	314513	229155	204701	309203	164422	79608	39260	33128	54699	67866	98206	67970	28320	4504	2510	4740	7759	36856	71664	40730	22626	5108	1644	547	272	79	22	5794	17382	61898	3867	1110	604	119	5	0	0	0	0	0	0	0	0	0	56898	108315769
moss_0.01_2x_MiSeqv3L250R.hist	65414041	7868160	1346219	571922	311106	191600	150913	74145	76501	87516	102084	85087	32666	18057	14082	20377	32322	43148	40763	22192	14394	4497	1947	1314	2808	8985	21385	18812	6269	3133	927	274	108	11	2	0	19069	13205	2640	145	47	18	8	2	0	0	0	0	0	24969	99589655
moss_0.0_4x_23.hist	52084562	9102258	1811548	765409	409719	249684	206194	184189	226035	115277	55813	63068	87683	53359	28109	40674	64517	36384	5952	14651	27674	45306	39494	11555	1473	4713	11217	29911	13086	6542	1937	574	9782	21002	6681	416	118	63	11	17710	9544	3910	2074	777	128	41	17	4	0	27689	102352342
moss_0.001_1x_novaseq_profR.hist	55630202	8119674	1863377	698428	399380	253005	332157	296711	124186	63334	35871	40533	56352	93046	115445	48920	28200	11749	2041	5023	9488	15532	73779	53272	3132	1739	391	125	40	19	4	0	52511	27614	8785	548	156	84	15	0	0	0	0	0	0	0	0	0	0	50852	105290806
moss_0.001_4x_23.hist	53585183	8952284	1754247	741557	397511	242477	206388	184363	207198	105670	57245	64686	89932	49713	25724	28679	45490	60727	21358	11627	17478	28613	38331	11215	2830	9057	21555	25186	8394	4196	1242	368	17011	16628	5289	329	93	50	9	15923	9496	3890	2064	773	127	41	17	4	0	25326	102502350
moss_0.0_8x_MiSeqv3L250R.hist	53262324	7221961	1614387	667482	333802	211210	289378	142175	129084	147671	75751	45847	63741	68521	35456	26171	41511	55416	8815	18818	35544	34273	14850	4649	9934	31789	10901	3509	1168	11215	17961	5335	2133	245	19352	3308	950	517	2451	11581	3859	1580	838	9989	1663	553	247	81	26	18934	87570920
moss_0.0_8x_HiSeq2500L150R.hist	55553280	22859998	4500088	1694868	957363	602641	554805	272583	173113	198040	231007	113926	47274	78056	96846	90567	52208	21752	16327	40188	75910	23721	10278	16269	34764	48284	10901	3509	2359	33034	46525	13823	5528	636	201	4937	39624	21612	4321	239	78	31	15	10394	25825	8607	3857	1284	427	255	101390448
moss_0.01_4x_HiSeq2500L150R.hist	68566126	10597010	1714362	722951	384737	233514	141306	126226	190666	102785	49765	28935	40228	66422	68341	21743	12533	9237	19446	47867	32415	10128	4388	1283	2740	8769	20869	14399	4798	2398	4019	8038	8387	966	306	18	4	7304	21160	1174	390	159	83	30	4	0	0	0	0	21574	106451345
moss_0.001_8x_MiSeqv3L250R.hist	54654510	6995908	1562496	644762	320474	203067	287754	141377	116567	133352	71205	55626	77336	42750	29408	42555	50496	21039	18353	41706	27051	8452	12965	25209	18053	10028	4408	11756	9518	4758	19887	5908	2362	271	85	13918	8852	4827	964	52	16	8110	6137	6453	1074	357	159	52	16	15893	87958579
moss_0.01_1x_MiSeqv3L250R.hist	64166068	11651440	1601550	687506	385341	241544	341418	167743	66047	36869	43006	48596	67562	39744	27936	40424	64121	85599	13617	7412	4807	1501	649	189	10	4	0	0	50514	39084	11579	3439	1374	157	49	2	0	0	0	0	0	0	0	0	0	0	0	0	0	46368	111952369
moss_0.001_2x_MiSeqv3L250R.hist	52320294	11517678	1891445	811461	453898	284206	375875	184672	72713	68751	80195	90619	125988	81007	41917	13336	9320	12441	26191	64470	59033	18446	7992	2337	4994	15981	38034	27015	9004	4501	1332	394	156	17	4	28088	19035	10381	2075	114	37	14	6	1	0	0	0	0	0	45280	101696014
moss_0.001_1x_HiSeq2500L150R.hist	64967932	24525890	5731037	2108372	951904	606026	180005	160795	242883	277857	324112	366246	199725	110407	57131	18177	10477	4364	693	977	1844	3018	14338	27879	59572	190632	103480	33323	11106	5552	1644	487	194	21	5	0	0	0	0	0	0	0	0	0	0	0	0	0	0	178024	166894326
moss_0.001_4x_novaseq_profR.hist	53435280	7788202	1637361	684794	355341	219808	228007	203675	150096	76548	77005	87015	70668	39064	23465	33955	53859	58199	9258	9726	18371	30075	44616	13054	903	2889	6875	18333	20344	10171	3012	894	1139	3416	27155	1696	486	264	51	1	10358	9118	4839	1813	301	99	43	13	3	20810	102341623
moss_0.0_1x_HiSeq2500L150R.hist	64442888	22689482	5296346	1937990	891775	570544	176914	158034	238712	273085	318546	359956	214795	118738	61442	19548	11268	4694	745	801	1512	2474	11752	22850	48828	156249	127145	40944	13647	6822	2020	599	238	26	7	0	0	0	0	0	0	0	0	0	0	0	0	0	0	171944	160185411
moss_0.0_1x_20.hist	54332845	10026188	1864836	795695	438314	272039	259372	127432	80916	92568	107977	122013	99617	55067	28494	9065	13274	17720	37305	91828	59563	18612	8064	2358	137	75	16	4	0	0	77033	32266	12905	1487	472	28	7	2	0	0	0	0	0	0	0	0	0	0	0	61751	104362018
moss_0.01_4x_23.hist	66101170	6604647	1315349	548024	280954	172416	152831	136521	142330	72587	36311	41031	57044	55926	28939	17387	27579	36816	7906	12153	22955	17193	7449	2520	5384	17230	14572	4691	1562	780	2435	4870	16408	1891	600	36	9	4	7207	10012	3336	1366	724	270	44	1730	774	257	84	13051	101299475
moss_0.001_1x_20.hist	60023993	10001064	2328104	841460	470822	301152	252648	225686	340902	194123	93988	46352	17794	18797	23322	33747	53530	71460	81837	44554	28899	9030	3912	1143	66	35	7	1	6882	96355	37360	11099	4438	511	161	9	1	0	0	0	0	0	0	0	0	0	0	0	0	66408	112196062
moss_0.0_4x_20.hist	51357523	15197968	2397911	1025226	568042	353750	272625	133943	162152	185501	150436	74190	36574	60389	74926	66215	38170	15903	14158	34850	65828	28224	12229	6309	13482	43142	18827	6062	2019	10155	40724	12099	4838	557	176	10	1	0	48942	2718	905	369	195	72	11	2	0	0	0	39713	111345077
moss_0.001_2x_20.hist	56204274	10420370	1950551	825459	443972	271419	241811	216006	217187	110764	53628	46897	65200	107655	55707	17724	21537	28750	60526	38242	24804	7750	3357	5696	12172	38949	45938	14792	4929	2463	729	215	85	8	1	21078	23700	12926	2584	142	46	18	8	2	0	0	0	0	0	43866	104958614
moss_0.0_2x_25.hist	50605738	10917154	1930925	824358	454844	282562	238070	116966	115457	132082	154069	108595	41691	23046	28543	41302	65513	84410	13427	7309	4740	5665	26909	52323	37613	20895	4717	1518	505	251	7181	14362	35190	4058	1290	79	21	10	31196	1732	576	235	123	45	6	1	0	0	0	43605	110257203
moss_0.01_4x_25.hist	65758845	6148517	1273542	526997	264285	164528	170911	152672	103611	52840	60797	68700	50597	27969	23116	33449	44530	18553	4966	12223	23087	22709	9839	2878	2167	6934	15773	5078	1691	12632	3741	1110	443	50	17107	1068	306	165	32	1015	9958	4080	2164	810	134	43	18	5	0	14437	101950205
moss_0.01_2x_23.hist	65256918	7985439	1384997	587059	317224	194535	142111	69820	85102	97356	113562	59213	22732	20372	25276	36574	58014	42105	6697	3645	2638	4318	20511	38590	2269	1259	283	90	1913	26792	7937	2357	942	107	33	1	0	20864	6123	339	112	44	22	7	0	0	0	0	0	24349	104841221
moss_0.01_4x_20.hist	67473467	8059590	1435713	605018	321302	194721	148193	132378	155735	79424	38454	43452	60411	64756	33508	11475	18201	24297	40529	22064	14311	4471	3959	7697	16446	20813	4698	1512	503	4476	14244	4231	1691	194	14238	888	254	137	26	6715	7635	3128	1659	621	102	33	13	3	0	16653	101250887
moss_0.0_1x_23.hist	51314482	9437471	1698364	729039	408470	255987	409980	201428	79311	40447	45395	51296	71316	117754	120822	38442	22159	9232	1467	3400	6422	10513	49939	97103	5710	3171	715	229	75	36	9	1	50258	21812	6939	432	123	66	12	0	0	0	0	0	0	0	0	0	0	56138	102474851
moss_0.01_1x_novaseq_profR.hist	65781167	8262386	1404276	594898	320928	196592	209129	140276	55232	61417	71640	80952	92996	51407	26601	8462	4877	4770	10042	24718	46689	42472	18403	5384	315	174	38	11	2	0	0	0	44563	12625	4016	250	70	37	6	0	0	0	0	0	0	0	0	0	0	35596	107093700
moss_0.0_8x_20.hist	53914455	8286916	1772086	733643	368462	231685	296455	145652	185618	94664	88632	96108	36897	49797	61785	21983	34869	46548	28301	15511	29297	38305	16597	5198	11107	35541	8324	2679	1775	24853	10476	3111	1243	142	44	1	0	0	0	0	0	0	0	0	0	0	0	0	0	0	64863839
moss_0.01_8x_HiSeq2500L150R.hist	67556843	6608887	1392443	570781	277289	175182	222517	109325	86359	98794	63676	34278	47656	58115	30071	17647	27991	37367	8811	8337	15747	25779	11170	3267	3012	9638	15332	4936	1644	821	9602	8796	3517	404	127	310	12670	6910	1381	75	24	8	3	0	0	0	0	0	0	0	74362053
moss_0.001_2x_23.hist	52836501	11102885	1910384	816017	450923	280377	244302	120028	96282	110145	128480	145182	55738	30811	17593	25457	40380	53905	56729	30884	20032	6259	7145	13893	29687	35879	8100	2607	2375	33259	9853	2926	1169	133	41	1	24255	22877	4574	253	83	33	16	5	0	0	0	0	0	41917	109306084
moss_0.0_4x_MiSeqv3L250R.hist	51724985	10219331	1882897	800550	436486	269204	192432	117862	178032	183244	88721	43754	42438	70071	83743	26644	15358	20502	43162	55695	36125	11288	4890	6852	14642	46855	22102	7116	2371	1184	2031	4062	38033	4386	1394	86	23	11	11148	16959	5652	2315	1228	459	75	24	9	2	0	30818	96071742
moss_0.001_4x_20.hist	54779584	12399602	2095914	892285	488340	301893	216261	115481	174436	199554	107464	52998	38677	63861	79234	43306	24963	10596	22308	54912	56014	17503	7583	4688	10017	32053	35742	11509	3835	1916	566	167	41870	4829	1535	94	26	13	5279	21374	7123	2918	1548	579	95	30	12	3	0	30197	106177475
moss_0.01_4x_novaseq_profR.hist	66006528	5815925	1252456	515105	253109	159795	200507	134803	66038	75546	88122	49234	26864	44357	53440	17002	19510	26045	26655	14511	9411	2940	13965	23907	1405	2223	5290	14106	8917	4457	1319	391	2251	6753	13560	846	242	131	25	0	7580	5335	2831	1060	175	57	24	7	1	14941	102090513
moss_0.0_2x_23.hist	51218515	11013236	1932971	826627	458283	285507	261642	128547	95796	109589	127832	144449	55457	30655	21517	31135	49386	65929	39809	21673	14057	4391	11226	21829	46645	44301	10002	3220	1072	535	9382	2786	1113	127	15151	35099	10090	5502	1099	60	19	6	2	0	0	0	0	0	0	46672	108001101
moss_0.01_8x_novaseq_profR.hist	66432556	5361059	1217941	481471	245498	154516	147813	132038	95620	65659	71206	40958	56943	35507	26452	38277	22064	16411	25321	13785	8940	14509	16095	4708	4943	15818	3571	1148	2809	15012	4447	1320	1178	3534	9889	617	176	95	9677	3219	1072	438	231	2823	3950	1315	588	195	64	9029	100946057
moss_0.01_1x_20.hist	70817463	8673270	1987257	710412	392543	251022	177889	158905	240027	140850	68195	33631	12911	13302	16503	23881	37879	50566	65178	35485	23016	7191	3115	910	52	28	5	0	0	0	27321	34016	13605	1568	498	30	7	3	0	0	0	0	0	0	0	0	0	0	0	42283	111709109
moss_0.01_2x_HiSeq2500L150R.hist	68874626	10703176	1929155	747714	420067	263645	326336	160332	63130	47220	55080	62240	86531	85274	44125	14039	8092	8570	18041	44408	31626	9882	4468	8688	18564	23864	5387	1734	577	287	84	24	2633	7898	38788	2423	695	378	74	3	0	0	0	0	0	0	0	0	0	34235	108810331
moss_0.001_4x_MiSeqv3L250R.hist	53073390	10087054	1818105	774304	424253	262458	208246	102313	151325	173115	102098	50351	34056	56231	69767	50244	28963	12067	22349	55012	35682	11149	9271	18027	24423	13567	19898	6406	2134	1066	11461	22921	14106	1626	516	31	7	3	20344	12541	4179	1711	907	339	55	17	6	1	0	28955	96326749
moss_0.0_1x_MiSeqv3L250R.hist	51243585	9903595	1781051	762749	424570	265109	328542	161417	63556	62831	73290	82816	115139	124785	64572	20544	11842	4933	10384	25561	48282	48334	20944	6127	359	198	43	13	10044	82576	24466	7268	2906	334	105	5	0	0	0	0	0	0	0	0	0	0	0	0	0	63255	99887591
moss_0.0_4x_novaseq_profR.hist	52029922	7887600	1676054	700333	362313	224554	235455	210328	161063	82141	71990	81348	88835	49107	25410	23649	37512	50077	32751	17830	33678	25519	11057	5297	11319	36221	14448	4651	1549	773	17761	19236	7693	886	281	16	3	21970	9412	521	172	69	36	10929	2711	902	403	133	43	20060	102492412
moss_0.001_1x_25.hist	51891819	9403680	1664007	712731	396922	247909	223311	187987	142606	72728	47056	53173	73925	122062	71396	22716	13094	5454	7519	18507	34958	57230	59415	17384	1021	566	126	39	12	5	0	0	49880	29710	9452	589	168	90	17	0	0	0	0	0	0	0	0	0	0	50727	103277932
moss_0.01_1x_25.hist	64809886	8666665	1403191	597442	327093	202257	162186	79683	73248	83795	97744	103413	39702	21946	11355	12130	19239	25683	54070	45270	29363	9175	3974	1162	67	36	7	1	0	0	25147	32115	12845	1480	470	28	7	2	0	0	0	0	0	0	0	0	0	0	0	38001	106751566
moss_0.0_1x_25.hist	51314263	10356416	1856212	793503	439439	273586	250376	123012	91326	104477	121868	137710	78909	43620	22571	13652	21655	28908	60858	66230	42959	13423	5815	5102	10902	34888	7876	2535	844	421	123	35	31583	46457	14780	922	264	143	27	0	0	0	0	0	0	0	0	0	0	55098	107253211
moss_0.001_8x_25.hist	54437185	6576229	1506521	602882	311456	196110	190229	169928	153315	78224	91246	78498	31979	52802	58075	22159	35147	46920	13536	33320	23969	7758	36852	10782	3282	10503	24508	7891	2629	1313	21641	6429	2570	295	8110	9591	2756	1502	3257	7725	2574	1053	558	6684	6155	2050	918	305	100	12914	98573314
moss_0.01_8x_25.hist	66406669	5512411	1238306	492999	249468	157245	175790	110541	112046	57142	60822	68727	28711	37687	46759	26628	16927	22597	24293	13225	11377	18624	10155	4192	8958	12873	2905	3394	11162	5580	1652	489	9304	5450	1733	107	2523	9218	1842	101	32	4393	2330	4750	1108	368	164	53	16	10966	100363440
moss_0.0_2x_novaseq_profR.hist	49539605	11630224	1965373	841369	467819	291927	277018	136102	93791	107296	125156	141426	72417	40031	20714	20008	31736	42366	73601	40070	25990	8121	3518	6044	12915	41329	13523	36061	12019	6008	1779	527	210	23	6	14841	29109	15876	3174	175	57	22	10	3	0	0	0	0	0	44095	112338346
moss_0.001_4x_HiSeq2500L150R.hist	57823812	14613218	2406672	1023817	559120	345189	244655	120201	181565	207710	132574	65381	34037	56201	69730	71532	41235	17180	9069	22324	42168	65460	28365	8298	1019	3261	7760	20693	41836	20917	6196	1840	7503	864	274	16	3	31419	21292	1181	392	160	83	30	4	0	0	0	0	41748	110404692
moss_0.0_4x_25.hist	52093367	8051117	1684272	707953	373038	228782	210361	187912	201229	102626	59072	66751	92803	51300	26545	24901	39497	52727	34136	18584	12053	8772	41666	38128	2241	1624	3864	10304	28921	14459	4283	1271	507	57	29899	1876	538	292	57	2	14768	7328	3888	1457	241	79	34	10	2	23896	101743299
moss_0.001_1x_MiSeqv3L250R.hist	56317291	6779854	1584524	589906	337980	214323	303810	271389	155152	79126	38310	25894	36000	59441	73750	89507	51597	21498	3419	2655	5014	8208	38990	75813	4458	2476	558	178	58	28	7	1	57966	13323	4238	263	74	39	6	0	0	0	0	0	0	0	0	0	0	52549	95592607
moss_0.01_4x_MiSeqv3L250R.hist	65972047	6966540	1314084	553352	293216	177416	130401	116485	158814	80994	39214	33107	46028	75998	44805	14255	10729	14322	30150	30163	19564	6112	2647	3753	8019	25662	5793	1864	620	309	13528	10590	4235	487	154	8	1	15780	3155	174	57	4505	2907	1089	180	59	25	7	1	15818	96551100
moss_0.001_1x_23.hist	53175808	11374301	1948976	832877	460825	286748	258797	127150	81332	93043	108532	122640	119792	66220	34266	10901	6283	5546	11675	28738	54282	88868	45988	13455	790	438	97	30	9	3	0	0	59473	29754	9466	590	168	91	17	0	0	0	0	0	0	0	0	0	0	56593	109942365
moss_0.001_8x_23.hist	54944294	6775100	1545401	622337	318444	200852	251106	123371	173324	101876	63733	72017	67483	37303	33058	47836	44776	18655	27411	36700	23804	7438	17482	33992	7867	4370	6717	17912	13755	6876	2036	604	14860	9787	3113	193	54	12572	7617	422	139	56	6230	10145	1689	562	251	82	26	15414	96980786
moss_0.01_1x_23.hist	64731413	9488453	1548046	625861	353283	222298	321322	157869	62160	40791	47581	53766	74750	94559	48931	15567	8973	3737	6312	15537	29348	48046	21942	6419	376	208	46	13	3	0	11719	23438	26214	3023	960	59	15	7	0	0	0	0	0	0	0	0	0	0	0	40085	108456551
moss_0.001_8x_novaseq_profR.hist	54612918	6443778	1480785	592271	305559	192526	198852	177631	139396	86841	98870	48759	58395	45864	38915	52026	29990	17125	36053	35940	23311	7283	16858	32780	4006	4252	10121	21322	7106	3552	5534	11067	4426	9793	4022	250	70	12497	7626	422	139	56	5090	11139	1855	617	275	90	29	14268	99564453
moss_0.001_8x_HiSeq2500L150R.hist	56547506	22334900	4206244	1597683	900129	565833	485660	238611	190913	218403	175922	86759	56635	93512	116024	46028	26533	34585	64924	35346	22926	7163	32697	63576	3738	7788	18535	49427	20130	10064	2980	884	10967	32900	32300	2017	579	314	61	2	20963	17352	9209	3452	574	190	84	27	8	30621	100258864
moss_0.0_2x_20.hist	54490586	11300351	2109649	891594	477629	291208	223845	199957	264384	134835	65283	37191	51707	85376	105928	42948	24757	10314	8149	20059	37889	62029	26878	7863	2210	7074	16835	44893	16013	8005	2371	703	280	31	8	22204	24737	13492	2697	148	48	18	9	2	0	0	0	0	0	47084	106546337
moss_0.01_2x_25.hist	65388397	7362972	1322960	560304	302034	184921	130070	63904	86866	99374	115916	68166	26170	15770	19566	28313	44909	59727	9501	5171	3353	2324	11039	21465	23148	12859	2902	933	310	154	4374	8747	18588	2143	680	41	10	4	17327	961	319	129	67	24	3	0	0	0	0	23444	105176963
moss_0.001_2x_25.hist	51349735	11743508	1943585	831573	461670	287838	249540	122602	100359	114810	133922	129907	49874	27569	23888	34567	54830	73196	27508	14975	9713	15900	50718	14840	1922	6151	14638	39035	18718	9358	2771	822	328	36	10	1458	32820	17901	3579	197	64	25	12	3	0	0	0	0	0	41341	112293060
moss_0.0_4x_HiSeq2500L150R.hist	55884847	15986180	2599245	1106980	606495	375176	270509	132904	170235	194748	184783	91129	34986	36420	45187	65388	95746	39893	6345	5349	10103	16539	78563	50321	2959	1642	369	118	49468	34033	10083	2994	1196	137	42	1	0	50541	12358	685	227	92	47	16	1	0	0	0	0	44391	112585608
moss_0.0_8x_23.hist	53530431	6996962	1599490	644347	328584	207472	266342	130857	180693	92152	89084	80186	31948	52750	65449	20823	32016	39636	37291	20302	18581	30420	22659	9566	20441	11355	6691	10233	18213	9105	2697	800	9393	17039	5420	337	96	51	12936	6997	2331	954	505	4374	7219	2405	1077	358	118	14400	96833718
moss_0.01_2x_20.hist	66716030	8331086	1473184	619867	327663	198477	139744	124830	178732	91152	44133	22379	31113	51372	63738	46130	26592	11079	9717	23917	15513	4846	3063	5956	12727	40726	10648	3428	1141	569	167	48	18	1	0	25603	9195	5014	1001	54	17	6	2	0	0	0	0	0	0	27244	103184147
moss_0.001_2x_17.hist	66125637	11540545	2660794	968970	550088	349578	359463	321103	268024	136691	66181	35268	49033	80960	100450	52271	30132	12554	7313	18002	34004	55668	77015	22534	1324	734	164	52	16	7	1	0	68000	33659	10708	668	191	103	19	0	0	0	0	0	0	0	0	0	0	60381	111970940
moss_0.01_1x_30.hist	64386967	8496383	1321887	567218	317473	198844	303417	149072	58696	29934	33663	38038	52883	87318	85209	27111	15627	6510	1265	3113	5879	9624	45716	44487	2615	1452	326	104	33	15	3	0	9861	29584	9412	587	167	90	17	0	0	0	0	0	0	0	0	0	0	35368	106733451
moss_0.0_1x_30.hist	53280307	7688167	1783121	663668	381438	242254	304096	271644	197036	100487	48652	24827	34516	56991	70710	90740	52308	21794	3466	3891	7350	12032	57151	74335	4371	2427	547	175	57	27	7	1	16350	49051	15606	974	279	151	29	0	0	0	0	0	0	0	0	0	0	48767	103463973
moss_0.01_4x_30.hist	65939109	5776892	1243102	511295	251277	159145	212799	121271	67545	77271	90133	45175	25364	41879	51960	26026	15002	15330	32272	17569	11395	4030	19145	12764	1779	5694	13551	8582	2859	1428	4865	9729	3890	447	141	4315	7895	4305	860	46	14	7043	3737	1400	232	76	33	10	2	14704	103672996
moss_0.001_1x_17.hist	67850122	19539946	4550351	1647276	787482	507691	207950	185758	280589	320993	374429	262851	100915	55785	28866	9183	5293	2204	597	1469	2774	4541	21571	41943	89627	190135	42932	13824	4607	2302	681	201	79	8	1	0	0	0	0	0	0	0	0	0	0	0	0	0	0	143554	147071359
moss_0.001_2x_30.hist	51097255	10851048	1818520	779646	435329	272305	318937	156697	81373	93089	108585	122701	70389	38910	20134	29134	46211	61690	33302	18130	11759	6066	28815	56030	3294	3971	9450	25201	21356	10677	3162	938	374	42	12	4394	31119	16973	3393	187	61	24	11	3	0	0	0	0	0	38245	113088015
moss_0.001_8x_17.hist	63165573	24645370	4573479	1739030	975371	611630	502143	246709	183248	209634	227298	112097	45998	75949	94233	89615	51659	21523	15502	38160	72079	22523	9759	16133	34474	46647	10532	3390	2630	36824	45465	13508	5402	622	196	11	2	50254	18232	1011	336	136	71	25	3	11435	24725	8240	2745	1646	111178439
moss_0.001_4x_17.hist	66000597	13444827	3052316	1117055	637963	403884	442900	388524	152980	78019	81993	92651	128812	96266	49813	15848	18439	24615	51820	68731	44581	13930	6035	2547	5443	17418	41455	49154	16383	8190	2425	719	286	32	9	0	41749	25324	5063	280	92	36	18	5	0	0	0	0	0	45474	117016487
moss_0.01_1x_17.hist	71644381	16905314	3186266	1245218	558199	354625	101654	90805	137162	156912	183033	206826	105003	58044	30035	9555	5507	2293	363	564	1066	1744	8285	16109	34423	110155	38373	12356	4117	2057	608	179	70	7	1	0	0	0	0	0	0	0	0	0	0	0	0	0	0	68861	132535550
moss_0.001_8x_30.hist	54553874	6261232	1446835	576543	298948	187870	202594	180973	132778	88299	102998	53890	44262	63939	33085	35853	45040	18765	38329	27716	17977	8881	37006	10827	4711	15077	19691	6340	2112	1055	23253	7450	2979	342	4204	6483	8518	4645	928	50	8622	4584	2432	911	5667	1888	845	280	92	13624	102198834
moss_0.001_4x_30.hist	53875629	7266000	1571416	655503	337362	209387	225652	201571	147369	75157	87668	93632	35947	31802	39457	57095	55233	23013	9192	22626	42737	28959	12548	3670	6282	20103	23152	7454	2483	1240	15149	15555	6221	716	227	13	13061	11345	2268	125	40	2028	10024	3758	625	207	92	29	8	21129	104333146
moss_0.01_4x_17.hist	71601218	12605811	2313704	884765	493179	308194	286537	140779	75702	86602	101018	106538	40902	22609	26809	38793	61533	28117	5126	12616	23831	39014	27339	7998	469	259	265	707	35054	17526	5191	1541	615	70	21	0	0	28219	6148	340	112	45	22	7	0	0	0	0	0	29044	114499812
moss_0.01_2x_30.hist	65183805	6811961	1279774	540605	289196	176152	105386	75861	114589	131089	73995	36491	19684	32501	40325	53846	31039	12932	4633	11405	21543	33046	14319	4188	245	621	1478	3942	24705	12351	3658	1086	433	49	14	0	0	19690	8159	452	149	60	31	10	0	0	0	0	0	22060	105699005
moss_0.01_8x_30.hist	66503956	5276632	1204172	474626	242971	152800	144413	129002	109275	55729	65006	59045	47247	29340	36403	34969	20158	14364	27973	15228	9877	10106	19260	5634	4242	13573	4282	5772	6693	3345	4301	8602	3440	395	124	8367	4588	2501	499	4285	1427	584	309	7785	1296	431	192	63	20	9529	102690528
moss_0.01_8x_17.hist	69181332	20709839	2792573	1180611	633051	386227	189249	169053	248248	126605	61298	54797	76184	79715	41249	16958	26898	35907	56166	30578	19833	6197	8601	16724	35737	21698	4898	1576	524	261	26287	17544	7016	808	256	15	3	6201	22944	1273	423	172	90	32	5033	8802	3945	1314	437	10049	105780039
moss_0.0_1x_17.hist	58856920	9979465	1756466	756004	426746	268524	469741	338144	133143	67902	32875	16212	21858	36090	44778	64796	102778	107530	17106	9312	6039	1886	816	910	1944	6221	14806	39483	56236	28117	8330	2474	988	113	34	1	0	0	0	0	0	0	0	0	0	0	0	0	0	70710	102896034
moss_0.0_4x_17.hist	64703580	13976754	3157428	1160300	662703	419574	461049	411849	162164	82702	77383	87442	121570	123263	63784	20293	11697	13678	28795	70880	66738	20854	9036	2757	5891	18851	44864	46553	15516	7757	2297	681	271	30	8	6113	44466	24253	4849	268	88	35	17	5	0	0	0	0	0	46177	117337014
moss_0.001_1x_30.hist	50931226	10478710	1805181	771254	427118	265921	231309	113644	86308	98735	115171	130142	105423	58277	30155	9594	5529	7380	15537	38246	72241	42738	49456	14470	850	471	105	32	9	3	5083	10166	70310	8110	2579	160	45	23	3	0	0	0	0	0	0	0	0	0	0	53923	107959812
moss_0.0_4x_30.hist	51922173	7778727	1647318	690837	361475	222941	227653	203358	164686	83989	73939	83550	72023	39813	31045	44924	58522	24383	9556	23523	44432	33717	14609	4274	4397	14070	33486	16665	5554	2776	821	243	6923	20770	15459	965	276	149	28	0	16308	7361	3906	1463	242	79	34	10	2	22066	105009137
moss_0.0_8x_17.hist	62622588	25012380	4771226	1806013	1016248	638387	559568	274923	186040	212829	241639	119170	45751	72849	90386	110021	63423	26425	13726	33786	63817	42303	18330	5362	10350	33119	55884	17995	5997	2997	17895	35789	24213	2792	887	54	14	56186	11236	623	206	83	43	15	1	25416	18974	6323	2106	1263	112121659
moss_0.0_2x_30.hist	49440459	11155038	1900615	814137	453451	283240	300006	147396	85190	97456	113679	128457	89945	49721	25728	12586	19963	26649	56103	65357	42393	13246	5739	1892	4044	12939	30795	43771	14589	7293	2160	640	255	28	8	0	20216	31456	6290	348	115	46	23	7	0	0	0	0	0	39620	113618554
moss_0.0_8x_30.hist	53026448	6427936	1486322	592071	308629	193791	209511	187153	119222	121926	88913	49437	68732	44837	30121	43587	55603	23166	13106	32260	42753	13359	7977	15511	27017	15008	3388	1090	20290	13725	4065	1207	5282	14814	4712	293	2599	9563	1911	6531	2176	890	471	12047	2006	667	298	98	31	15897	102001078
moss_0.0_2x_17.hist	64878166	11149200	2539795	947002	538386	340054	451455	315088	124064	63272	73804	83397	115947	137542	71173	22644	13053	5437	5201	12801	24180	39585	118775	34754	2043	1134	255	81	26	12	2	0	39969	49849	15860	990	283	153	29	0	0	0	0	0	0	0	0	0	0	59636	109699126
moss_0.01_2x_17.hist	71994867	9955955	1752328	735879	386682	232538	149271	133341	201412	113498	54952	27100	20232	33406	41447	59975	71003	29583	4705	2560	2091	3423	16259	31614	28916	16063	3626	1166	387	192	56	15	5	0	43227	3240	930	506	100	4	0	0	0	0	0	0	0	0	0	32240	107118111
moss_0.06_1x_25.hist	96058050	1148714	265182	95334	52988	33059	35474	17428	6861	3498	3327	3759	5225	8627	9019	2868	1652	687	115	282	533	872	4142	8053	1962	1089	244	77	24	11	2	0	0	0	7958	496	141	76	14	0	0	0	0	0	0	0	0	0	0	2131	100943849
moss_0.06_4x_30.hist	96843528	1421507	292177	107714	57712	35191	21149	18892	13589	6929	6304	7123	7648	4226	2186	1904	3019	4029	2959	1610	1043	900	4277	2530	147	298	709	1890	2767	1382	408	120	47	4	3212	522	149	80	15	0	823	814	431	160	25	7	2	0	0	1270	103402956
moss_0.06_8x_30.hist	96863738	1460056	283590	107778	53338	33217	20449	18266	12090	9798	6074	6863	6098	3370	3553	4014	2313	1709	3596	2189	1419	1542	3084	901	721	2306	1345	432	1424	1806	534	1050	646	73	1487	1156	331	179	34	0	1029	509	269	100	15	4	0	722	443	264	103553073
moss_0.06_4x_20.hist	97958713	1602319	314316	115505	62414	38275	18629	9688	14634	16005	7748	3820	2743	4528	5617	5033	2900	1207	780	1921	3627	3361	1455	424	433	1386	3298	1391	462	230	747	1494	2300	264	83	4	0	0	2652	828	275	111	58	20	2	0	0	0	0	2226	103345323
moss_0.06_2x_23.hist	97332695	1473581	320900	113882	62103	39202	33973	26163	10300	5252	3722	4205	5846	9651	4993	1587	914	800	1684	4145	4493	1403	607	176	221	708	1684	4492	2206	1102	325	95	37	3	0	259	3116	1698	338	17	4	1	0	0	0	0	0	1058	781	468	103452155
moss_0.06_2x_20.hist	97821552	1513631	330424	117215	63871	40303	35228	24947	9822	5008	5497	6211	8634	6768	3501	1113	880	1174	2470	6081	3943	1231	532	154	232	741	1764	4704	2617	1307	386	113	44	4	0	0	1299	2292	457	24	7	1	0	0	0	0	563	1250	415	248	103481916
moss_0.06_1x_23.hist	96873414	1274311	280669	101061	56491	35563	38113	28016	11030	5624	2722	1400	1946	3212	3984	5765	9143	7225	1148	624	403	125	344	669	1429	4574	1031	331	109	53	14	3	2684	4603	1463	90	25	12	1	0	0	0	0	0	0	0	0	0	0	2609	102097713
moss_0.06_1x_20.hist	97916089	1318363	297281	105947	58231	36682	37046	24109	9492	4839	3280	3706	5151	8504	10551	3945	2273	946	149	80	89	145	691	1343	2869	9181	2072	666	221	109	31	8	2	0	0	1328	2491	1357	270	14	3	0	0	0	0	0	0	0	0	2900	102976269
moss_0.06_4x_23.hist	97108207	1470182	287062	109427	52996	33371	30124	14799	8478	9698	11311	5914	5335	2948	2446	3539	5613	2800	444	951	1795	2938	3984	1164	135	431	1026	2735	2402	1200	354	104	40	3	2814	895	256	138	26	0	1289	527	279	103	16	4	0	0	256	1220	103139839
moss_0.06_8x_23.hist	96786204	1523695	290257	110460	54137	33908	19246	17191	14570	7429	7263	8206	3149	4308	5345	3362	1937	1903	4005	2340	1517	473	1844	3586	1238	687	646	1723	1898	948	279	82	2171	1285	408	24	106	1618	322	16	4	698	434	161	25	7	2	754	250	267	103029101
moss_0.06_8x_20.hist	96726789	1535873	294946	112542	54349	34149	26594	13065	13995	11238	5440	5535	7694	4370	2260	2363	3747	4322	686	1312	2477	2605	1463	2845	900	499	618	1647	2390	1194	352	103	890	2417	768	47	12	5	713	1263	420	171	89	32	4	394	753	250	82	213	102595742
moss_0.06_4x_25.hist	96889691	1466874	292525	109676	56205	34375	24269	21678	11155	7734	9020	7527	2888	3826	4746	3549	2045	1931	4066	2212	1434	447	2089	4062	297	164	389	1037	3424	1711	506	149	58	5	2460	1349	386	210	41	1	0	271	1163	435	71	22	9	2	581	612	103283273
moss_0.06_8x_25.hist	96768205	1484372	290301	109823	54444	33971	19686	17584	14395	7340	7609	8167	3134	4196	5205	2309	2544	3395	2467	2383	1545	815	3874	1504	235	751	1788	2552	849	423	692	1383	635	72	2215	137	38	20	831	1006	334	136	71	114	692	229	102	33	10	773	103231070
moss_0.06_2x_25.hist	97340288	1441555	312090	111686	61828	38627	28396	13950	7302	8353	9742	11008	4225	2334	1586	2295	3639	4857	4005	2180	1413	440	678	1317	2815	2737	617	197	200	2803	1622	480	191	21	5	456	2813	1533	305	15	4	0	0	0	0	0	0	0	1470	881	103659913
moss_0.06_1x_30.hist	96807936	1243868	252816	102273	47407	28969	14919	13326	20128	16761	8114	4000	1535	1457	1807	2613	4145	5532	5013	2728	1768	551	238	79	169	541	1288	3435	4357	2177	644	190	75	7	1	0	2129	1160	231	11	2	0	0	0	0	0	0	0	0	2814	101959905
moss_0.06_2x_30.hist	97113316	1375148	283181	105130	56318	34337	16041	13193	19426	9906	4795	2849	3961	6539	8112	2964	1707	710	562	1383	2612	4276	3223	942	138	443	1053	2808	2032	1015	299	88	34	2	3291	812	232	125	24	0	0	0	1856	695	114	37	15	4	0	804	103431635
