sample	r1	r2	r3	r4	r5	r6	r7	r8	r9	r10	r11	r12	r13	r14	r15	r16	r17	r18	r19	r20	r21	r22	r23	r24	r25	r26	r27	r28	r29	r30	r31	r32	r33	r34	r35	r36	r37	r38	r39	r40	r41	r42	r43	r44	r45	r46	r47	r48	r49	r50
rotifer_0.02_8x_1.hist	93516403	1459592	284841	108927	54873	33933	31283	23859	12775	8933	10420	8587	3296	5441	3802	1853	2939	3922	1068	810	1530	2010	870	447	955	1771	399	127	103	1441	800	236	93	9	1141	182	51	27	127	796	264	107	55	19	2	94	341	112	36	626
rotifer_0.01_2x_1.hist	90636795	2017725	419611	156911	85192	52401	30829	27538	35841	18278	8848	4842	6731	11114	13788	5577	3214	1338	256	629	1188	1944	9236	2972	173	95	20	5	0	0	1663	3326	2086	239	75	3	0	0	0	0	1533	1093	579	216	35	10	3	0	0	1424
rotifer_0.01_4x_1.hist	90401084	2305254	401836	163627	77665	49026	53759	37498	16286	18630	16204	7990	7700	12713	6577	2548	4041	5393	3245	1766	1144	731	3471	5043	295	163	277	737	2345	1171	346	101	397	1192	2185	135	37	19	2	1506	501	204	107	39	5	0	4	1763	586	351
rotifer_0.002_8x_1.hist	86519016	2813336	568174	218460	111759	69414	57885	51707	32053	19121	22303	22251	8541	10187	6814	9860	6958	2898	3952	6625	4296	1341	1858	3612	2863	1589	954	2543	1733	865	255	74	3250	1547	491	29	7	1551	2347	129	42	16	7	1425	748	248	110	35	10	2007
rotifer_0.008_2x_1.hist	89689632	2106379	434819	167327	83277	52494	61907	43679	17197	12361	14418	16291	12490	6903	3571	4239	6723	8974	2511	1366	885	275	861	1673	3574	6101	1376	442	146	72	20	5	230	690	4756	296	84	44	7	1513	503	205	108	39	5	0	0	0	0	3007
rotifer_0.008_8x_1.hist	89518254	2240873	450908	171960	88766	54774	51373	38840	20508	23460	14050	8793	12224	9180	4749	3382	5364	7160	2801	1524	2337	3412	1529	2973	258	825	1962	2465	820	409	566	1131	1269	145	1418	718	205	111	21	1611	553	225	118	43	760	482	215	70	22	1065
rotifer_0.006_8x_1.hist	88545492	2466920	487899	188046	94939	59341	43878	39195	32251	16447	18589	13702	7201	11889	7515	3580	5678	7579	2212	1914	3615	3456	1496	1297	2770	1538	593	1582	2036	1017	304	608	2377	273	85	751	1308	712	141	6	1039	424	224	83	330	632	282	93	30	1505
rotifer_0.006_2x_1.hist	88766901	2459027	492407	185781	101633	62814	43940	21587	20924	23936	27920	16315	6263	3461	4184	6053	9601	12816	2790	1518	983	306	598	1163	2484	7135	1610	517	171	84	24	6	1043	3129	2651	164	46	24	3	0	657	1103	584	218	35	10	3	0	0	2756
rotifer_0.008_1x_1.hist	90084423	1964429	406550	164815	76996	47288	26774	23915	36124	41325	20007	9866	3786	2208	2739	3962	6284	8388	8667	4718	3059	955	412	119	139	444	1057	1967	654	326	95	27	1685	5054	1607	99	27	14	1	0	0	0	0	0	0	0	0	0	0	4987
rotifer_0.02_2x_1.hist	93820826	1489731	310399	112917	62597	38995	31925	15684	14492	16338	7909	3899	3756	6201	7693	2446	1409	586	999	2458	4642	1808	782	228	25	80	190	505	2575	1286	380	111	43	4	0	0	0	0	2149	272	89	35	17	5	0	0	0	0	0	1252
rotifer_0.01_1x_1.hist	89640722	1753999	374081	142284	78123	48391	49308	24225	9537	9295	10841	12249	17030	16748	8665	2756	1587	660	124	304	575	940	4466	8683	1723	956	214	68	21	9	1	0	1333	3999	2251	139	39	20	3	0	0	0	0	0	0	0	0	0	0	4389
rotifer_0.001_1x_1.hist	86984908	3077926	626641	241503	114231	72764	55775	49822	58889	30032	14540	7937	11034	18219	16543	5262	3032	1262	1507	3709	7006	11470	6194	1811	105	57	12	2	0	0	0	0	7142	4826	1534	94	26	13	1	0	0	0	0	0	0	0	0	0	0	7453
rotifer_0.004_8x_1.hist	87605311	2622297	521105	201622	101340	63484	53799	41080	34956	17827	16092	18184	11712	7330	9094	7438	4287	5358	5951	3239	2100	2066	4554	1331	803	2570	2263	728	241	2920	1716	509	202	22	2740	170	47	25	2074	694	230	93	48	1461	242	79	34	10	2	2077
rotifer_0.0_4x_1.hist	85579415	3177210	602291	239058	116340	73447	81134	39861	30265	34623	26815	13223	9960	15270	7900	5142	8155	10886	5637	3068	1989	995	4729	9195	539	298	66	20	4337	3000	888	262	104	11	588	3967	1139	620	123	5	0	2048	1317	492	81	26	10	2	0	3274
rotifer_0.001_4x_1.hist	86173286	3099078	589442	231775	114473	72008	76186	37430	25938	29673	28805	14205	7269	12001	11492	5210	8264	11031	2815	1531	2683	4391	4082	1193	1601	5124	1156	371	270	3784	2859	848	338	38	11	0	3292	1794	357	18	5	1	658	2037	338	111	49	15	4	2079
rotifer_0.0_8x_1.hist	85359612	3069815	609521	236524	119098	74579	55961	49988	40817	20816	23922	20078	7707	12045	14944	4754	6200	8275	2916	6163	5674	1772	2149	4178	2963	1645	417	1113	3616	1807	534	157	940	2819	1600	99	27	13	3108	844	280	113	59	21	979	1435	642	213	70	1041
rotifer_0.0_2x_1.hist	85368240	3347952	623352	240122	130556	80381	53024	26050	30015	34336	33706	16622	6380	8109	10060	14556	8390	3495	5062	5686	3687	1151	952	1850	3952	6762	1525	490	162	80	1891	3781	1511	173	54	2	0	0	6896	554	183	74	38	13	1	0	0	0	0	4561
rotifer_0.004_2x_1.hist	87620848	2735567	487083	200848	99548	60227	38650	34525	52149	26595	12875	6950	9663	15954	11361	3614	2082	2624	5523	9072	5883	1837	795	231	262	838	1994	5318	2982	1490	440	129	50	4	0	0	0	1143	5105	282	93	37	18	6	0	0	0	0	0	3740
rotifer_0.0_1x_1.hist	85638333	3394566	620907	236284	132883	83451	107330	74881	29483	15035	7278	6999	9730	16066	19933	9598	5531	2303	2895	7125	13458	4204	1821	531	30	15	2	0	0	0	3187	6374	8049	927	294	17	3	1	0	0	0	0	0	0	0	0	0	0	0	8616
rotifer_0.006_1x_1.hist	89614846	2603602	557583	201096	112678	71121	69358	61956	30799	15706	7603	4516	6278	10365	12860	16986	9791	4078	647	351	227	153	730	1418	3030	9695	2188	703	233	115	33	8	2	0	3701	1863	534	290	57	2	0	0	0	0	0	0	0	0	0	5527
rotifer_0.002_4x_1.hist	86722914	3018617	565159	224720	108927	68752	75721	48330	20709	23690	27633	18677	7169	9649	11972	6262	3609	4470	9411	5289	3430	1070	952	1850	3953	4839	1091	350	115	56	3937	1169	466	52	15	2905	1551	845	168	8	1	120	2368	887	146	47	20	5	0	2538
rotifer_0.006_4x_1.hist	88616214	2638352	469021	190215	90899	57411	62567	43739	17221	19700	22979	19003	7295	4109	5098	7376	11699	5483	871	1288	2432	3981	2909	850	1494	4779	1135	364	120	59	707	1414	4027	463	146	8	1	0	1225	1802	599	244	128	47	6	1	0	1091	1162	696
rotifer_0.02_4x_1.hist	93603707	1460954	293878	109742	59118	36179	24338	21740	17537	8942	10180	9851	3781	2702	3351	4551	2623	1091	966	2377	3074	959	414	307	656	2100	1151	369	122	60	583	1166	964	110	34	1	0	0	467	849	282	114	59	21	2	0	0	0	0	1264
rotifer_0.001_8x_1.hist	86023613	2937732	583788	225983	114048	71347	55702	49757	37221	19310	22523	20235	9615	11448	5923	8570	10662	4441	2005	4936	6924	2163	1858	3613	2035	1129	1164	3104	1033	515	1103	2206	881	1389	1240	76	490	1934	385	20	1565	640	338	126	598	1151	515	170	55	839
rotifer_0.02_1x_1.hist	93494452	1341963	301756	107683	59321	37306	39648	27445	10805	5869	6845	7734	9848	5443	2815	894	514	571	1202	2959	5589	3157	1367	399	22	11	1	0	0	0	0	0	2666	1932	614	37	9	4	0	0	0	0	0	0	0	0	0	0	0	2192
rotifer_0.004_1x_1.hist	87740294	2409763	471618	188256	100360	60985	42587	20922	25079	28690	31966	15764	6051	3470	4305	6229	9879	13187	2097	1140	738	451	2143	4166	5376	2985	673	215	70	34	9	1	2079	6172	1963	121	33	17	2	0	0	0	0	0	0	0	0	0	0	6362
rotifer_0.002_1x_1.hist	87310460	3394786	673931	246029	139161	87663	89330	69333	27299	13921	12913	14591	20285	17553	9082	2888	1664	1157	2435	5994	11321	10176	4408	1289	74	40	8	1	0	0	0	0	4103	6952	2211	137	38	19	2	0	0	0	0	0	0	0	0	0	0	7868
rotifer_0.001_2x_1.hist	86022002	3315826	635312	239190	131608	81623	53969	26515	30582	34985	30048	14818	5688	6676	8282	11984	14185	5909	939	1903	3593	5882	2547	744	913	2923	6955	2356	784	391	114	33	12	0	0	966	5408	2948	588	31	9	2	0	0	0	0	0	0	0	4089
rotifer_0.01_8x_1.hist	90234458	2077627	412868	158467	80558	49969	49396	30346	20304	23227	11245	10222	11689	6461	5376	4092	6310	2628	2532	3768	2443	762	1549	3012	1285	712	622	1659	1944	971	286	84	718	2155	684	41	11	5	1123	737	244	99	51	535	548	181	80	25	7	1413
rotifer_0.002_2x_1.hist	86750604	3062476	564616	229328	107868	67522	51552	46050	55417	28262	13682	7141	9927	16390	16873	5367	3093	1287	2342	5764	10886	3940	1706	498	191	610	1451	3870	3816	1907	564	166	65	6	1	0	0	4258	3528	195	64	25	12	3	0	0	0	0	0	4089
rotifer_0.008_4x_1.hist	89702247	2329523	443505	173952	85346	53757	62923	32999	17405	19910	22661	11175	4611	7613	9444	6448	3716	1954	4113	4990	3236	1010	735	1429	3054	2928	660	211	98	1374	2434	722	287	32	283	2246	644	350	69	2	0	1543	818	305	49	15	6	1	0	1927
rotifer_0.004_4x_1.hist	87818588	2763028	515190	204579	98802	62397	67312	41931	20912	23922	27903	13942	5352	7787	9661	9897	5704	2375	1687	4151	7841	3376	1461	426	388	1242	2956	4125	1374	686	202	59	22	1	4540	1163	333	180	35	0	1107	1261	668	249	40	12	4	0	0	2951
