sample	r1	r2	r3	r4	r5	r6	r7	r8	r9	r10	r11	r12	r13	r14	r15	r16	r17	r18	r19	r20	r21	r22	r23	r24	r25	r26	r27	r28	r29	r30	r31	r32	r33	r34	r35	r36	r37	r38	r39	r40	r41	r42	r43	r44	r45	r46	r47	r48	r49	r50
leech_0.0_1x_1.hist	145429057	2040697	455910	162028	88602	55997	49784	44471	24703	12597	6098	4685	6512	10752	13340	6317	3640	1515	249	612	1156	1891	8985	2628	153	84	18	4	0	0	580	1160	5478	630	199	11	2	0	0	0	0	0	0	0	0	0	0	0	0	4318
leech_0.01_2x_1.hist	144923293	1493306	249055	104258	54253	32383	13686	12225	18465	21123	10226	5042	1934	2996	3717	5378	4624	1926	483	1188	2244	2729	1181	344	19	37	87	233	2837	1417	419	123	48	4	0	0	0	0	167	1688	561	229	120	44	6	1	0	0	0	1821
leech_0.008_2x_1.hist	144698326	1536849	291334	118330	55661	34370	23122	20654	27936	14246	6896	3400	2702	4461	5534	8008	5624	2342	371	201	224	366	1740	3382	2368	1314	295	94	30	14	3	0	1432	1358	431	25	6	2	0	1215	404	164	86	31	4	0	0	0	0	2241
leech_0.008_1x_1.hist	146774726	1663235	351619	126329	70374	44532	37676	33654	26659	13595	6581	3244	1925	3178	3943	5705	9048	6298	1000	543	351	108	46	89	189	604	1438	3834	1277	637	187	54	20	1	0	1305	1006	547	108	5	0	0	0	0	0	0	0	0	0	3807
leech_0.02_1x_1.hist	148306061	1444744	179941	76357	42897	26923	34515	25280	9953	5075	2456	1865	2591	4278	5307	5312	3061	1274	201	108	69	57	271	526	1124	3239	730	234	77	37	10	2	0	0	1244	1414	405	220	43	1	0	0	0	0	0	0	0	0	0	2849
leech_0.001_4x_1.hist	141751256	1821336	391667	142672	78853	49034	29614	19262	29094	16920	8191	7648	10633	5876	3961	5730	5194	2163	1026	2526	4771	2818	1220	356	321	1028	2446	787	261	129	1557	1078	430	48	14	0	0	768	1946	107	34	13	6	1	0	449	1056	351	116	68
leech_0.008_4x_1.hist	143996996	1583931	307819	118728	58377	36747	39981	19642	11013	12598	14048	6927	2793	4611	5720	4425	2550	1432	3015	2287	1482	462	1286	2500	759	421	94	29	2083	1040	307	90	35	3	0	1050	913	497	98	4	0	0	0	1037	349	115	50	15	4	1098
leech_0.02_8x_1.hist	146249241	1339023	222297	89500	43167	27116	23638	11612	9966	11195	5419	3943	5474	3025	2113	1943	3081	1566	397	976	1844	1025	443	220	471	1506	509	162	53	25	574	1148	458	51	15	258	657	357	70	2	558	227	120	44	114	310	138	45	491	293
leech_0.004_2x_1.hist	143579023	1683901	345757	131960	64515	40758	40981	33221	13080	9265	10807	12211	10467	5785	2992	1361	2158	2880	6062	3818	2476	772	333	96	179	573	1364	3342	1113	555	163	47	18	1	0	0	322	2694	537	28	8	2	0	0	0	0	0	0	0	2723
leech_0.004_1x_1.hist	145626943	1691299	289305	121393	63630	38193	21334	10955	16547	18929	22079	12579	4828	2668	1379	1603	2542	3393	7143	5740	3722	1162	502	146	7	3	0	0	0	0	2472	3829	1530	175	54	2	0	0	0	0	0	0	0	0	0	0	0	0	0	4324
leech_0.0_4x_1.hist	141543733	1879392	407467	148063	81689	50745	31105	15867	23967	24210	11721	5779	5716	9437	8169	2598	2416	3224	5211	2836	1838	573	1578	3068	1417	786	384	1024	1786	892	263	77	29	2	2207	503	143	77	14	0	278	1079	571	213	34	10	3	0	0	1778
leech_0.001_8x_1.hist	141276023	1928714	396487	146193	79076	48523	35625	31822	18042	13195	15391	9485	4875	8049	5892	2513	3985	5320	1280	2515	3147	982	1318	2562	1009	560	1105	1954	650	324	95	27	2016	496	157	8	1	770	1161	63	20	7	2	493	661	219	97	31	9	930
leech_0.002_2x_1.hist	142511776	1813862	338836	137575	64634	40394	34933	31204	27594	14072	6812	5029	6991	11543	8303	2641	1521	1035	2180	5365	4216	1316	569	165	144	460	1095	2919	1906	952	281	82	32	2	0	0	0	1178	2212	121	39	15	7	1	0	0	0	0	0	2629
leech_0.006_4x_1.hist	143591194	1635204	322625	124333	61159	38529	41491	20384	14423	16499	12762	6293	3137	5179	6425	5516	3178	1323	931	2291	3411	1065	1195	2323	135	186	442	1180	1704	851	251	73	28	2	1568	718	205	111	21	0	683	526	278	103	16	4	0	0	0	1946
leech_0.008_8x_1.hist	143502046	1658472	310253	118857	59888	37309	27488	24554	14845	9940	11594	7410	4283	7071	3658	2218	3517	4278	679	1312	2478	1888	817	604	1290	1064	306	816	992	495	145	42	354	1061	773	47	12	5	0	1116	543	221	116	42	6	1	808	391	129	76
leech_0.002_1x_1.hist	142801296	1674780	273958	116683	63944	39563	51672	25386	9994	5541	6462	7301	10150	16759	8671	2758	1588	661	496	1221	2306	3775	6615	1934	112	61	12	3	0	0	0	0	3842	1989	631	38	10	4	0	0	0	0	0	0	0	0	0	0	0	3936
leech_0.001_1x_1.hist	143187044	1737339	281808	120288	66333	41195	66217	32532	12808	6531	3850	4350	6046	9983	12386	9832	5666	2360	374	234	441	722	3428	6666	391	216	47	14	3	0	0	0	1160	3480	1858	115	32	16	2	0	0	0	0	0	0	0	0	0	0	4200
leech_0.004_4x_1.hist	142948940	1726094	348046	131288	67205	42037	35136	17262	17330	19825	11598	5719	3460	5713	7087	6423	3701	1541	765	1883	3557	3119	1350	394	114	364	866	2309	1349	673	198	58	22	1	868	1332	382	207	40	1	103	1021	541	201	32	9	3	0	0	1531
leech_0.01_1x_1.hist	145753366	1548055	231467	98423	53679	33113	31724	15585	6135	5744	6699	7569	10522	11511	5956	1894	1090	453	149	367	693	1135	5390	2914	170	93	20	5	0	0	0	0	1005	3016	958	58	15	7	0	0	0	0	0	0	0	0	0	0	0	3634
leech_0.006_2x_1.hist	144155668	1585676	293826	120656	58973	35807	24255	21666	29062	14820	7174	3537	4351	7183	8911	4782	2756	1147	409	1005	1899	3108	4461	1304	75	41	8	1	0	0	2395	2018	806	92	28	0	0	0	0	0	1513	619	327	121	19	5	1	0	0	1571
leech_0.006_1x_1.hist	144598105	1630496	250167	106790	58897	36580	57099	28052	11044	5631	3028	3421	4755	7851	9740	9431	5435	2263	359	194	125	146	693	1347	2878	2636	594	190	62	30	7	1	966	2897	920	56	15	7	0	0	0	0	0	0	0	0	0	0	0	3838
leech_0.0_8x_1.hist	140730971	2093399	401324	150701	79467	48708	38708	34576	14748	16870	15270	7530	7588	8252	4269	2850	4519	5604	954	2348	3692	1152	1172	2278	1314	729	1241	1839	612	305	501	1001	1075	123	38	415	774	421	83	3	265	882	467	174	28	8	2	163	860	515
leech_0.002_8x_1.hist	141392762	1975044	371204	140982	71877	44555	41527	21422	20886	16014	10084	11394	4373	6391	7929	2522	2673	3568	3503	2596	1683	622	2954	2218	235	752	1789	1097	364	181	626	1252	499	56	17	898	660	359	70	2	319	776	411	153	24	30	268	88	28	1134
leech_0.001_2x_1.hist	142112076	1825973	381278	140326	77730	48400	35732	17554	18663	21349	15877	7829	3004	4269	5296	7663	8915	3713	589	320	383	627	2977	5788	1148	637	142	45	14	6	759	1517	2582	296	93	4	0	0	0	0	968	961	509	189	30	9	3	0	0	1737
leech_0.01_8x_1.hist	144134579	1500293	304277	113917	60074	36823	29339	23383	11270	11896	10684	5268	5714	4818	3024	4376	3092	1287	1205	2966	1922	599	559	1087	1487	825	185	58	1410	704	207	60	664	895	283	16	3	1	1426	78	25	9	62	889	147	48	20	5	0	1232
leech_0.02_2x_1.hist	147401067	1349568	204627	85628	44505	26539	13072	11676	17636	12539	6070	2992	1501	2478	3073	4446	3362	1399	221	164	309	505	2401	2554	149	81	17	4	0	0	821	1641	1233	141	43	1	0	0	0	0	0	1150	609	227	36	11	4	0	0	1248
leech_0.0_2x_1.hist	141907500	1973209	409677	149525	83479	52214	50663	24890	11817	13518	15767	17816	8635	4772	2584	3738	5929	2469	1750	4306	5627	1757	760	221	411	1315	3130	1525	507	252	73	20	7	0	24	3188	915	498	98	4	0	0	0	0	0	0	0	0	1409	1651
leech_0.002_4x_1.hist	141761647	1891070	372719	140609	71333	44769	41943	20606	17773	20331	10775	5922	8233	8580	4439	2080	3299	4403	3494	3139	2035	635	594	1154	2465	2659	599	192	63	35	2503	742	296	33	9	0	0	1170	1620	89	28	10	4	0	0	0	1167	596	197	117
leech_0.02_4x_1.hist	146997851	1318119	219781	89671	42862	26748	21776	19451	7658	6826	7962	7821	3002	1658	1679	2428	3851	1874	297	730	1378	1588	687	200	363	1161	842	270	89	43	1084	321	127	13	119	1213	347	188	36	1	0	583	527	196	31	9	3	0	0	1175
leech_0.006_8x_1.hist	142891396	1717073	331731	125847	64189	39962	28854	25774	16561	12019	12084	5958	6721	5989	4653	2213	3510	4684	1859	1011	1618	2649	1146	334	569	1821	1153	370	122	608	1377	408	162	17	4	1496	512	278	54	444	147	59	30	753	299	98	43	13	3	1108
leech_0.01_4x_1.hist	144515492	1589634	287538	113125	54637	34420	36046	17709	14601	7848	9153	10342	6587	3640	1882	2480	3934	5251	1617	879	569	333	1582	3076	711	394	88	27	37	519	2062	611	243	27	7	0	0	1294	787	42	13	155	497	185	29	8	3	0	0	1787
leech_0.004_8x_1.hist	142250983	1810542	351537	132522	68918	42427	36123	26255	17268	11310	13192	7995	4706	7770	5216	3400	3013	4021	2712	1475	1376	2252	2469	721	433	1384	983	315	1381	689	203	59	596	1361	432	26	6	2	837	704	233	94	49	17	682	234	103	33	10	1053
