sample	club-moss_0.001_1x_1	club-moss_0.001_2x_1	club-moss_0.001_4x_1	club-moss_0.001_8x_1	club-moss_0.002_1x_1	club-moss_0.002_2x_1	club-moss_0.002_4x_1	club-moss_0.002_8x_1	club-moss_0.004_1x_1	club-moss_0.004_2x_1	club-moss_0.004_4x_1	club-moss_0.004_8x_1	club-moss_0.006_1x_1	club-moss_0.006_2x_1	club-moss_0.006_4x_1	club-moss_0.006_8x_1	club-moss_0.008_1x_1	club-moss_0.008_2x_1	club-moss_0.008_4x_1	club-moss_0.008_8x_1	club-moss_0.01_1x_1	club-moss_0.01_2x_1	club-moss_0.01_4x_1	club-moss_0.01_8x_1	club-moss_0.02_1x_1	club-moss_0.02_2x_1	club-moss_0.02_4x_1	club-moss_0.02_8x_1	club-moss_0.0_1x_1	club-moss_0.0_2x_1	club-moss_0.0_4x_1	club-moss_0.0_8x_1
club-moss_0.001_1x_1	0.0	0.0	0.0	0.0	0.0023723959525683226	0.001635182374368943	0.0010721835154230983	0.0009139842586651403	0.003940382339234631	0.003289527355214238	0.002539522081186132	0.002458169240430196	0.0056665002597902255	0.004859288635499229	0.0041150860154150724	0.003901467884628225	0.007081221693337882	0.0065570509901345195	0.0056067126023790805	0.005292915764072284	0.008948433179820896	0.008052802145017957	0.0071554012697067	0.007128192141350279	0.017076638118022295	0.016400855008111656	0.015484457612449157	0.015317039613852496	0.00040758980197055315	0.0004476523949631936	0.0	0.0
club-moss_0.001_2x_1	0.0	0.0	0.0	0.0	0.0019259145989782625	0.0012179128156651559	0.0005457022501324703	0.000557530187853499	0.0033684780330599574	0.0029179922814343154	0.0020991263313869064	0.0021972565882078347	0.005524500421961812	0.0045822178138415475	0.0036816561921743365	0.0036107645875327705	0.0068024082452977	0.006099492209488811	0.005280058720023522	0.005220184568103815	0.008679774601556984	0.007892437387633363	0.006848514921151541	0.006921522249163424	0.016875213490181916	0.01613313421102961	0.01538750663336812	0.015235205849652116	0.0	0.0	0.0	0.0
club-moss_0.001_4x_1	0.0	0.0	0.0	0.0	0.0013716523235283808	0.0004550869357170375	0.0	0.0004981977735589453	0.002704358591375312	0.002113624174593369	0.001409718101076203	0.0021561901224090036	0.0048418815136086445	0.0038447395412951934	0.003047686871594853	0.003522110429237029	0.006240726953436083	0.005395551830299104	0.004686878881893154	0.005059395092985196	0.008087867732280643	0.007210908230084413	0.006415317750941689	0.006843688976977521	0.016303420449422318	0.015725599587751084	0.01502606745641485	0.015408199303273253	0.0	0.0	0.0	0.0
club-moss_0.001_8x_1	0.0	0.0	0.0	0.0	0.0014053544100205324	0.000687152032487251	0.0	0.0021011579978986675	0.002842795832301902	0.002363507016835506	0.0020602825483263766	0.0037762596376030347	0.004873391605544359	0.0041589291452640235	0.003523098274683956	0.005175820868290697	0.006347618669463374	0.005636797348879552	0.005272401247691062	0.006747676437416872	0.008205156820305325	0.007567098709503348	0.006990734185258154	0.00851784274290882	0.016781630347077213	0.01612653225590842	0.015815673855392506	0.01740464886681569	0.0	0.0	0.0	0.0
club-moss_0.002_1x_1	0.0023726386238890457	0.0020040252749481753	0.0014207662359369882	0.0014054154981634954	0.0	0.0	0.0	0.0	0.004626552761574712	0.004271312414839776	0.003712019316172827	0.003555351024495321	0.006582754839284872	0.005919627055329661	0.005218669484802629	0.004980631937436056	0.008219415490336883	0.00742748487105776	0.006638957373221186	0.006310000537080266	0.00976492990362934	0.00916713442941656	0.008289960520661114	0.0082055342606227	0.017730802813338043	0.017294937907411215	0.016478310183198272	0.016188148364466554	0.0012364611038662742	0.0012923823478845366	0.0006360492905443725	0.000431331750235582
club-moss_0.002_2x_1	0.0015727042443669497	0.0012188511736061067	0.00045364851658540105	0.0006620561339725784	0.0	0.0	0.0	0.0	0.004035648296645206	0.0036048166414474185	0.002838075820224706	0.0029185163391052776	0.005891112139310642	0.005262340803838114	0.004360202100371723	0.004315476605625084	0.007583106429150468	0.006716974324665929	0.005892556524043367	0.005753172087760381	0.009201631457701764	0.008522367421254505	0.007602706969756409	0.007575274863559358	0.017341276079979286	0.016513871140161715	0.01577323320945049	0.015678646865378638	0.0008466851195227176	0.0005968967508996482	0.0	0.0
club-moss_0.002_4x_1	0.0010275546152822169	0.0005438247977310592	0.0	0.0	0.0	0.0	0.0	0.0	0.0034006631428492693	0.002931758993276342	0.0021827758948120106	0.002599554038972338	0.0054700462647729615	0.0046059325668324925	0.0037676967654964675	0.0040190154171206765	0.006820078825728304	0.006051996534388747	0.00542198398765519	0.005426112979604367	0.008771875699185352	0.007874418746934096	0.007064242820009733	0.007268399029623815	0.01686463481438233	0.01617888792105433	0.015451783971810714	0.01564210764483456	0.0	0.0	0.0	0.0
club-moss_0.002_8x_1	0.0009136317716200056	0.0005788611937157169	0.0005133614224163775	0.0021002328350585345	0.0	0.0	0.0	0.0	0.0034886586414389076	0.0030724051610350007	0.0027494715368423833	0.004478621053967742	0.005475155044819034	0.004824301807705037	0.00418654820146566	0.005839896637941004	0.006901413735368337	0.006297307596143666	0.005939599102547976	0.007358282567174641	0.008892844255175602	0.008174245457186832	0.007709297629598621	0.009169641594232262	0.017346959571692848	0.01670149524590898	0.01653252976542945	0.01805679474214775	0.0	0.0	0.0	0.0004660260004665615
club-moss_0.004_1x_1	0.003945721167051527	0.003508288188016651	0.0028044218095518883	0.0028477111387542812	0.004632310509613435	0.004199303637349238	0.0035519533851888804	0.003497160022755093	0.0	0.0	0.0	0.0	0.007683252977981245	0.00725653382054542	0.006601409670176099	0.006365516755323129	0.009027294550890935	0.008702992672717565	0.008062028053024977	0.0076648825162792	0.01082994835435535	0.010303539146807572	0.009480628776700506	0.009377278621259368	0.01886613788916174	0.018416945627833047	0.01742570581346465	0.017093250035121552	0.002956461269109521	0.002772662879049491	0.0020597247226614283	0.001936976977569906
club-moss_0.004_2x_1	0.0031696344681006413	0.0029245720938832556	0.002110605181592535	0.002282619846631689	0.004116040885514164	0.003610176948791652	0.002948972724524912	0.0029697013090683334	0.0	0.0	0.0	0.0	0.007399214170482156	0.006724925071673914	0.00598650725550167	0.0060148392195935995	0.008793308377049206	0.008106840754634565	0.007413494645910311	0.007367639016748317	0.010729112315603397	0.009969036164854467	0.009133257834938362	0.009153308324662948	0.018556964125607957	0.017947486603870355	0.01712094635239803	0.01693689696927456	0.002293026768732194	0.0022793241443072785	0.0013937759429894334	0.0012956358084740816
club-moss_0.004_4x_1	0.002437462901566637	0.0020944512449934533	0.0014016090404583544	0.0019866428478685933	0.0035630291375224957	0.002829471817074662	0.0021856113855838414	0.0026530304774698282	0.0	0.0	0.0	0.0	0.006702139872326847	0.006018663552755239	0.005352380093570198	0.005607374620067322	0.007950606449565918	0.007393321932352064	0.006831638997158238	0.007021262216775255	0.010089910758949923	0.009311998145292705	0.008608342444232042	0.008900756161438246	0.017974919967871657	0.017454522505021143	0.01679662953961269	0.017005975335506747	0.0014919718441686444	0.0013372880267070635	0.0006107792075961729	0.000811618260759014
club-moss_0.004_8x_1	0.0024536807769495626	0.002277394036416435	0.0022190588915694076	0.003771717220201091	0.0035476936954112878	0.0030215439571270727	0.0026955518058152874	0.004475198542598809	0.0	0.0	0.0	0.0	0.006872075359964988	0.0065181270763028	0.005828289932251233	0.007353997454058828	0.008272193127152825	0.007797734394081991	0.007508110523017341	0.008802206929931137	0.010418269189765605	0.009771355974077545	0.009237252203397049	0.010721058329424342	0.018425414456167907	0.017901549241803313	0.017736687533232823	0.019282109462927705	0.0015333795430803366	0.0016002549044186333	0.0014764063993883594	0.002110050730456349
club-moss_0.006_1x_1	0.005678765285382306	0.005755316503580893	0.005023839445465259	0.0048877886940684664	0.006596219485381719	0.006132107883169925	0.00571565582112974	0.005494842087234961	0.007689531068156544	0.007687639137190822	0.006991940813218457	0.00690438437796043	0.0	0.0	0.0	0.0	0.011071007369095439	0.01061903566221772	0.0099631046219779	0.009641373287972892	0.012806152206345511	0.012223005767701531	0.011363800783286943	0.011092822586758264	0.02073622963902831	0.020099500871252524	0.019445692069602553	0.01902760532479547	0.004890112710535956	0.004943002053326184	0.004210757308419944	0.003980965493403871
club-moss_0.006_2x_1	0.004689534425554081	0.004598085019386566	0.0038446736014864365	0.0040247611407364225	0.005713529318259371	0.0052765466422656565	0.004638856238276297	0.0046722264663911555	0.006997665665661555	0.006733118509574614	0.006053819690351462	0.006321792754946094	0.0	0.0	0.0	0.0	0.010212167121081792	0.009687532682032712	0.008963121161769637	0.008831503900959135	0.011968153601674036	0.01138767725936894	0.010606353082525383	0.010550851617090221	0.019939467983332085	0.019344976183330215	0.018753585185849016	0.018662250532304192	0.003903134799961865	0.003983220724771504	0.003062468048181794	0.0030131896309393245
club-moss_0.006_4x_1	0.003955928877400331	0.0036780440941922054	0.0030343885428244636	0.0034034483668866186	0.0050172075240997255	0.004352504673991898	0.0037774812152977988	0.004047037882295781	0.006340731778879699	0.005966898191925249	0.005359320221818706	0.00564112255987801	0.0	0.0	0.0	0.0	0.009495108063994322	0.008969431139928282	0.00827597442960039	0.008420017154657526	0.011350593983821952	0.010752591878763193	0.009975708898330396	0.010147544401891249	0.019332615007350687	0.018781915485339435	0.018098020060756663	0.018422209633799858	0.003114999868910248	0.0029662102646699057	0.0022466708577652296	0.0023073535524511346
club-moss_0.006_8x_1	0.0038902381521698968	0.0037375886254831384	0.0036214040072314307	0.0051666555928406984	0.004965005322806277	0.0044622383561072395	0.0041630198351823655	0.005832106200029956	0.0063366138265646445	0.006206042628471837	0.0057978669131004785	0.007349795959120433	0.0	0.0	0.0	0.0	0.00958504885416716	0.009152919498965843	0.008841534935754822	0.01020162241752576	0.01140936798051433	0.010897377698306772	0.010484880665590912	0.01178923473547814	0.019682567466755896	0.01917849467119011	0.019013958548735714	0.020397481934936998	0.0030727669531055313	0.0029797237826388414	0.0029024814048752364	0.003559818824912848
club-moss_0.008_1x_1	0.007105041995090072	0.007092583613809703	0.006481441123431235	0.006375530801705816	0.008245952040639878	0.00789901502373783	0.007132383568107404	0.006935881253018958	0.009045462955377464	0.00914333882586237	0.008301452769412292	0.008321944489489478	0.011084095783284354	0.010601690380121813	0.009896849578064285	0.009649600994096471	0.0	0.0	0.0	0.0	0.01389857901884468	0.013692044217698618	0.012767993668882887	0.012643562604006396	0.021917555833082213	0.021424114384306095	0.020756733364281663	0.020325230676102205	0.006363179363342244	0.006438489418219891	0.005761145770491855	0.005448330807999459
club-moss_0.008_2x_1	0.006337163414938992	0.006126965894062981	0.005401856972503911	0.005464060540057758	0.0071790535162593455	0.0067421475234295345	0.006101775962558334	0.0061087593886174	0.008404482762345481	0.008125271057170298	0.007444353740572739	0.00757427799627329	0.010251649556199227	0.009697747532916445	0.009019243510944797	0.008899621669336619	0.0	0.0	0.0	0.0	0.013471583708442357	0.012790002023283342	0.01202627842747253	0.011848566758342557	0.021158440069835763	0.020737290193122027	0.020066872532477853	0.019797179806944717	0.005337101662924103	0.005352476488108867	0.004649018964667188	0.004521881887486486
club-moss_0.008_4x_1	0.005397021077432077	0.005280091601439456	0.004671589008320352	0.0051013848137952044	0.0063912318773743804	0.005888088318628469	0.005441563946948808	0.005750615056007339	0.0077544518997493365	0.007396910874021225	0.006847470750744072	0.007277866807868882	0.009579976477646288	0.008932346204466089	0.008284440361185353	0.00857819269364065	0.0	0.0	0.0	0.0	0.012717244951567853	0.012123727249841659	0.011440728825651105	0.011724794777234347	0.020476968493256906	0.020173753883536902	0.019482874897751887	0.019837450647705524	0.004487148311855758	0.004574078351772443	0.003917789117778267	0.003921766885231807
club-moss_0.008_8x_1	0.005272335532030253	0.005396222525975028	0.005196843316346232	0.006731672152544549	0.006284221465733531	0.005941359675574146	0.005614488133967393	0.007344024206914115	0.007623452874442343	0.007593132841688092	0.007252292767966844	0.00879184256841147	0.009581210808434115	0.009086640204706446	0.008682426222645786	0.010195437123099492	0.0	0.0	0.0	0.0	0.012748964878966002	0.012194453786068326	0.011904951975806854	0.013176591679320794	0.020745454081154916	0.02036423185719446	0.020272403750628297	0.021520075489366377	0.0045302040271594105	0.00457560312205226	0.004428463074919611	0.005084607544858973
club-moss_0.01_1x_1	0.008987540712108912	0.00905430066965036	0.008405180760677792	0.008251080892165315	0.009806340549334595	0.009590231029789852	0.009177879217305474	0.00894754228096755	0.010862734852338657	0.011161214568202339	0.01053924773272987	0.010491895537420403	0.012834242517928971	0.01243083681674285	0.01183607735047095	0.011497534663669085	0.013912740745406466	0.013971608898028707	0.013241648380761323	0.012855765135796605	0.0	0.0	0.0	0.0	0.023711785335214865	0.02308293451146956	0.022614725746620164	0.022100671154693288	0.008160383659539272	0.008466552478101188	0.007779287380025326	0.007459888273195746
club-moss_0.01_2x_1	0.007794203423136111	0.007936427518111645	0.007227976861159679	0.007348233792957944	0.008874064454324884	0.008563473200853476	0.007947690084449817	0.007943174127496556	0.009965243756538317	0.010002509956773778	0.009386149825527025	0.009507158842646815	0.011818206171641633	0.011412116588321374	0.010823593563497635	0.010612344145034676	0.01322868375599228	0.012803982928481521	0.01219047603431902	0.01188687006386643	0.0	0.0	0.0	0.0	0.022804442163303757	0.022293278931940875	0.021987678221755836	0.021548205043385317	0.006899401731613668	0.007294882367153324	0.006529393523536947	0.006341215287665578
club-moss_0.01_4x_1	0.006897423630420594	0.006855603347287142	0.006401501053695801	0.006774487268104796	0.007992152874563285	0.007604835836350417	0.007096994959053658	0.0074755224985152665	0.009131988775176889	0.00912259178206175	0.008637125486299259	0.008967341752358152	0.010942764635713337	0.010581518087459867	0.009996210409963237	0.010187270814889389	0.012285884449725318	0.011986085516684916	0.011452546040967498	0.011577670801237413	0.0	0.0	0.0	0.0	0.02211284762446154	0.02152882774628911	0.02108391661332352	0.021311350115947987	0.00605361030655685	0.006278769530454389	0.005687148954123575	0.005640109637075857
club-moss_0.01_8x_1	0.0070950655719188346	0.0071469623574175805	0.0070236532249133826	0.008493909341232906	0.008166258774912045	0.007814378038653938	0.00751337134914323	0.009147832575882302	0.0093208900436886	0.009423911296498848	0.009185010183175982	0.01070366913060813	0.011017759174784782	0.010845584431960946	0.010454747536552927	0.011776782954130375	0.012544323591604737	0.012162945003616548	0.012063160889730333	0.013170632579265193	0.0	0.0	0.0	0.0	0.022576703008610685	0.022115697351523984	0.022128066237737797	0.023275563342764014	0.00623501934150626	0.006571865995871853	0.006346069376367225	0.006970622733902831
club-moss_0.02_1x_1	0.017225090410447567	0.017634338686540272	0.016977518353134897	0.016945416876926626	0.017882551566433178	0.01810611644732801	0.017672983965077573	0.017523412765281767	0.019005457333230617	0.01934133941495061	0.018805349587412513	0.018625510089508353	0.020871947943993767	0.020749144353222924	0.02018987759901829	0.019904337395143454	0.02203593560150176	0.02198689520289725	0.021354117783066874	0.020989147931519878	0.023815729236776884	0.023659840456318772	0.02302164782308948	0.022844063397387458	0.0	0.0	0.0	0.0	0.016328852252067427	0.01700331852289784	0.016366276660055742	0.016071952823365956
club-moss_0.02_2x_1	0.01597764612652253	0.016289425597066195	0.015830155263509706	0.015761138697652406	0.016850633395067947	0.01666223318921886	0.016391559767972717	0.01633200511497562	0.017929195012194286	0.018083258184118683	0.01766028404031148	0.017522313126885944	0.019561129416512155	0.019468435909310394	0.018977477653550852	0.01878600814383478	0.020834975039963777	0.020848154677468256	0.020360917148632415	0.019962574741473182	0.022437005274048422	0.02238837563632471	0.021703820290393867	0.021692413158140404	0.0	0.0	0.0	0.0	0.015030444573566799	0.015733600088884407	0.015213285968167537	0.014781205755209623
club-moss_0.02_4x_1	0.015023113010852454	0.015468514649974499	0.015058068357093736	0.0154209466491269	0.015990366571547978	0.015845466311678935	0.015584060175305383	0.016128656129683727	0.01689601331481618	0.017176539772055653	0.016919359976427305	0.01731953231115667	0.018852557769928238	0.018794204318356978	0.018207516763152826	0.018580525190646825	0.020110480176935248	0.020091584925562716	0.019581127928707906	0.01982552612235663	0.021903737296639032	0.021994164662673062	0.021168642211087104	0.021654810681973655	0.0	0.0	0.0	0.0	0.014108729597625411	0.014783071812669302	0.014390046135712476	0.014302446869644835
club-moss_0.02_8x_1	0.015305147917595987	0.015756382935890847	0.015839148557289025	0.017405361994836485	0.0161753959038079	0.01620153809024166	0.01619080868044208	0.018064707842708316	0.017061655245128593	0.017472390800111624	0.017575085385523603	0.01930392274930874	0.018982593637312414	0.019223997350977177	0.019009000228662424	0.02043116148232889	0.020257999941657338	0.020368384275979107	0.02044320361864348	0.021567572282930565	0.0220124657620054	0.022140965079014183	0.02193382634823428	0.02333634302021686	0.0	0.0	0.0	0.0	0.014399888044806713	0.014976393124356986	0.015189740100624767	0.015871224290816503
club-moss_0.0_1x_1	0.000407379468253537	0.0	0.0	0.0	0.001235701977119772	0.0008800030007454758	0.0	0.0	0.0029509401015683154	0.002379003089591641	0.0015538386338430975	0.0015350267426007705	0.004877078197984287	0.004043124433064388	0.0032391496744655014	0.0030795895926754757	0.006338635723964512	0.0055208363487164154	0.0046599858101758615	0.004545161712532377	0.00812075608394171	0.007126365330081413	0.006278114455303473	0.006260665719200673	0.01618001480222656	0.015425267629946109	0.014539363988993971	0.014405415060544682	0.0	0.0	0.0	0.0
club-moss_0.0_2x_1	0.00042972691126262434	0.0	0.0	0.0	0.0012407101068436005	0.0005958927521520124	0.0	0.0	0.0026593457652548326	0.0022721363333729383	0.001338987186521838	0.0015419734314322893	0.004739625016688827	0.003965920834063236	0.002966352252705744	0.0028749876985770624	0.006168624186504676	0.005323703434681934	0.00456988165785851	0.004420894893985613	0.008108034653582999	0.007248074511486958	0.006266729612423314	0.006357535823065981	0.016254781278197655	0.015569719629932853	0.014693773459783307	0.014466049671040204	0.0	0.0	0.0	0.0
club-moss_0.0_4x_1	0.0	0.0	0.0	0.0	0.000615507815178822	0.0	0.0	0.0	0.0019907637079868176	0.0013991128842181964	0.0006157134577832214	0.001437754573758284	0.0040671025642682376	0.003069675643543647	0.002261570089779376	0.0028290987063352407	0.005559015583143199	0.0046541760621671615	0.0039392671473736434	0.004320660726563813	0.007501223475847779	0.006528437304824441	0.0057117661696426715	0.006196767967497813	0.01574597944274899	0.015143346187275272	0.014388483493900397	0.014806912560966591	0.0	0.0	0.0	0.0
club-moss_0.0_8x_1	0.0	0.0	0.0	0.0	0.0004257821441541219	0.0	0.0	0.00046144550946118726	0.0019090701615082676	0.0013252866368264928	0.0008324449654054859	0.002091176063757399	0.003919471098995453	0.0030764955168790255	0.0023625504551452628	0.0035303639906032525	0.00535718501641197	0.004609827317879478	0.004009988993320485	0.005046139008836618	0.0073275403394906895	0.006454370620973661	0.005758933322726953	0.006921801151383051	0.015732510741717505	0.014959666031384867	0.014524623643369927	0.015722741789157883	0.0	0.0	0.0	0.0
