sample	r1	r2	r3	r4	r5	r6	r7	r8	r9	r10	r11	r12	r13	r14	r15	r16	r17	r18	r19	r20	r21	r22	r23	r24	r25	r26	r27	r28	r29	r30	r31	r32	r33	r34	r35	r36	r37	r38	r39	r40	r41	r42	r43	r44	r45	r46	r47	r48	r49	r50	genome_length
leech_0.006_2x_1.hist	144385150	1701635	303816	124300	59993	36599	22925	20478	30931	19749	9561	4714	2105	3475	4311	6237	7400	3082	489	296	558	912	4334	2031	118	231	550	1465	1195	596	175	51	19	1	0	796	1842	1004	199	10	2	0	0	0	0	0	0	0	0	2891	152708091
leech_0.0_8x_1.hist	140722177	2111834	398669	150449	78456	48269	37452	28485	23910	12193	11047	12482	8776	4850	4900	6600	3804	1584	3258	3807	2468	770	985	1915	2778	1542	347	110	489	2297	679	200	133	400	1372	84	23	11	734	726	241	97	107	777	128	41	17	145	747	447	151224255
leech_0.008_4x_1.hist	144113557	1633079	289979	117658	55141	34868	34175	28629	11271	10080	11757	11298	4336	2989	3707	5364	3856	1605	1243	3059	1983	618	515	1000	1821	1011	227	72	772	1197	353	104	788	800	253	14	3	0	618	967	321	130	68	24	3	0	714	708	235	140	151865368
leech_0.002_4x_1.hist	142083098	1930811	362671	140911	68241	43024	45896	22548	16087	18402	14132	6968	4044	6676	8282	4645	2677	1114	2120	5218	3384	1056	456	400	855	2735	2289	736	244	121	34	9	1236	1701	540	32	8	3	0	455	981	401	211	78	12	3	0	0	0	1985	151697825
leech_0.001_8x_1.hist	141174408	2008132	386149	145257	76315	46866	38286	30862	16796	19214	9302	9844	9644	5330	3596	5203	5645	2351	1090	2682	4558	1423	858	1669	1719	954	492	1313	1092	545	160	46	1568	179	495	499	142	76	14	1127	519	211	111	40	5	0	433	864	287	171	151264128
leech_0.01_2x_1.hist	145454433	1552664	265199	109716	54979	32917	17947	16030	24213	16806	8136	4011	2547	4205	5217	7548	4350	1811	287	155	275	449	2133	4146	1035	574	128	40	12	5	0	0	2805	632	200	11	2	0	0	1274	423	172	90	32	4	0	0	0	0	1988	152861602
leech_0.01_8x_1.hist	144269084	1540010	299065	113368	58392	36148	32983	16204	18060	11043	7607	8595	4759	4976	2574	3724	4431	1845	805	1982	2749	858	374	727	1553	1260	283	90	119	1671	494	145	57	5	910	682	195	105	20	768	297	120	63	242	580	192	85	27	8	956	151674321
leech_0.0_4x_1.hist	141179309	1918529	392249	147542	74866	46957	43162	21418	24698	12595	11561	13063	9931	5489	2839	3295	5226	6976	1108	992	1874	3067	3700	1081	113	361	860	2293	763	1180	663	196	77	7	1	781	1471	801	159	7	1	0	0	0	1077	827	370	122	39	251	151112253
leech_0.0_1x_1.hist	145855371	2065348	474885	166095	87676	55836	36137	32280	41143	20982	10158	5008	2762	4559	5656	8184	12981	5407	859	466	340	556	2640	5133	300	166	36	10	2	0	2037	4074	2178	250	78	3	0	0	0	0	0	0	0	0	0	0	0	0	0	4564	155588391
leech_0.008_2x_1.hist	144101573	1624897	278219	114661	56726	34308	21573	19270	27873	14214	6881	3392	4439	7328	8590	2732	1574	770	1620	3987	4346	1357	587	170	9	4	5	12	3240	1619	478	141	55	5	0	0	0	2099	592	31	9	2	0	0	0	0	0	340	1238	741	151886235
leech_0.004_4x_1.hist	142921194	1742493	339005	131384	63783	40236	42342	25742	12235	13996	16325	8050	3468	5726	7104	4872	2807	1168	1728	4254	3260	1017	440	326	696	2227	2091	672	223	110	31	8	2481	539	170	9	1	0	0	1551	516	210	110	40	5	0	0	0	886	933	151618496
leech_0.02_4x_1.hist	146832420	1386842	206827	85870	43531	26337	17705	15815	14984	7641	3724	4208	5849	3932	2033	1398	2217	2959	469	587	1108	1813	1127	328	90	289	686	1509	502	250	73	20	7	0	1540	241	68	36	6	0	954	390	206	76	11	2	0	0	803	480	152442964
leech_0.002_2x_1.hist	142443532	1812993	364868	135953	75085	46671	35805	17590	14127	16161	18850	13012	4995	2760	3008	4352	6902	7161	1138	618	400	340	1618	3145	2907	1614	363	116	37	17	4	0	2869	1677	532	32	8	3	0	0	0	904	478	178	28	8	2	0	0	2203	151625146
leech_0.01_1x_1.hist	147345741	1549285	226022	96552	53360	33181	46848	23016	9061	4620	4697	5306	7377	12180	6942	2207	1271	528	384	945	1784	2921	4725	1381	80	43	8	1	0	0	0	0	1738	2904	923	56	15	7	0	0	0	0	0	0	0	0	0	0	0	3488	154422290
leech_0.02_2x_1.hist	147740252	1366802	194759	82298	44064	26857	17481	8587	8061	9221	10755	6077	2332	1516	1880	2719	4312	3378	536	291	187	161	765	1488	2166	1202	270	86	27	12	2	0	0	0	2032	701	200	108	20	0	0	304	440	164	26	7	2	0	0	1727	153450814
leech_0.004_1x_1.hist	145325367	1729465	355579	130867	73716	46332	53904	38503	15159	7730	4191	4735	6582	10867	13483	5210	3002	1250	197	235	444	726	3449	6706	393	217	48	14	3	0	0	0	3751	1750	555	33	8	3	0	0	0	0	0	0	0	0	0	0	0	4186	153582026
leech_0.02_8x_1.hist	146175176	1283614	243041	93482	46639	29167	18006	16083	8595	9832	6536	3537	4916	3750	1939	1874	2972	1237	786	1934	1254	390	626	1216	630	349	281	748	719	358	105	30	1196	267	84	4	0	1049	221	11	2	0	497	561	92	29	12	3	0	873	151987124
leech_0.0_2x_1.hist	142001411	1773296	387220	144329	72952	45987	50638	33223	13080	12209	14241	13125	11317	6255	3236	1836	2912	3887	6371	3467	2248	701	303	588	1255	4018	2804	902	299	148	43	11	3	0	1942	1248	357	194	37	1	0	0	0	0	1351	959	429	142	46	321	151423130
leech_0.004_8x_1.hist	142308533	1802701	353060	132669	69128	42608	36334	26828	14847	16984	9772	6327	8795	5901	3053	4141	5613	2338	1067	2626	2825	882	1222	2375	416	713	1696	613	203	356	1504	445	177	531	649	39	10	4	1727	118	38	14	6	682	396	131	57	18	5	955	151433032
leech_0.001_4x_1.hist	141980305	1781511	385367	141895	75557	46981	28694	17899	27036	19656	9516	5143	7149	11804	6111	1943	2738	3655	4341	2362	1531	773	3670	2341	136	233	553	1476	2077	1037	306	90	35	3	0	2049	588	319	62	2	0	0	0	1538	272	89	39	12	3	1099	151184913
leech_0.006_1x_1.hist	147684887	1766096	378138	135617	75337	47580	42978	38391	21240	10831	5243	2759	3834	6331	7854	11364	6550	2728	433	234	151	79	377	733	1566	5010	1290	414	137	67	19	4	0	0	717	2194	630	342	67	2	0	0	0	0	0	0	0	0	0	4009	155813710
leech_0.01_4x_1.hist	144675530	1521208	293836	113104	55642	35065	36059	17715	14553	13689	6627	5571	7745	6192	3203	1747	2770	3697	2471	1344	871	271	1134	2204	1211	672	150	47	108	1514	705	208	276	827	262	15	3	0	523	1206	401	163	85	31	4	0	0	437	885	530	151961613
leech_0.008_8x_1.hist	143530992	1618463	317483	119234	62744	38546	31196	22763	14692	15532	7519	7479	7060	3902	4840	3671	2115	2641	2880	1567	1015	1615	2155	629	216	691	1645	528	175	86	974	943	376	42	12	633	793	431	85	3	0	677	613	229	37	11	4	322	601	359	151621776
leech_0.004_2x_1.hist	143117304	1711474	308547	126866	62278	37614	21945	19602	29609	22223	10758	5305	2728	4504	5588	8085	6123	2550	404	285	537	879	4177	4017	235	129	28	8	564	2488	736	217	86	8	1	0	53	2830	565	30	9	2	0	0	0	0	0	0	0	2346	151709467
leech_0.001_2x_1.hist	141987371	1815766	336743	136945	64704	40845	43146	35404	13939	10366	12090	13661	11809	6527	3376	1556	2468	3294	6933	3924	2544	794	343	159	340	1088	2590	2611	869	433	127	36	13	0	1705	1667	478	259	50	1	0	0	0	0	0	0	0	1502	1028	616	151260388
leech_0.02_1x_1.hist	148110149	1398910	173242	73456	41657	26277	29712	26541	17181	8761	4241	2090	915	1510	1872	2709	4296	5035	800	434	378	618	2425	708	40	21	3	0	0	0	0	0	2004	2068	657	40	10	4	0	0	0	0	0	0	0	0	0	0	0	2924	153760393
leech_0.006_4x_1.hist	143359029	1689542	321975	124285	61630	38670	37054	18204	15200	17388	8417	6234	8666	6020	3114	2179	3456	4613	3004	1635	1059	330	1233	2397	1870	1038	233	74	23	10	1754	1370	547	62	18	0	0	909	823	44	13	4	951	355	58	18	7	1	0	1388	151674124
leech_0.008_1x_1.hist	147400951	1695190	389658	135490	70142	44875	21895	19557	29541	24053	11645	5742	2203	1657	2054	2972	4714	6292	4845	2636	1709	533	230	66	2	0	0	0	197	2763	3727	1106	441	49	14	0	0	0	0	0	0	0	0	0	0	0	0	0	0	4016	155051386
leech_0.006_8x_1.hist	142941937	1734365	331604	125732	64676	40013	37424	18386	20996	13052	7226	8165	8442	4665	3340	4832	2868	1770	3727	2028	1314	409	1517	2793	163	266	632	1685	560	279	268	535	1157	132	41	1	775	975	194	9	2	0	891	550	90	29	12	3	0	1259	151524438
leech_0.001_1x_1.hist	143796125	1770102	381396	140578	78278	48887	57478	28239	11118	7332	8552	9663	13434	12943	6696	2129	1226	648	1364	3357	6341	5040	2183	637	36	19	3	0	0	0	1880	3759	2160	248	77	3	0	0	0	0	0	0	0	0	0	0	0	0	0	4489	152559173
leech_0.002_1x_1.hist	143359722	1773214	385500	139448	78467	49449	52091	46531	18320	9342	4522	4618	6420	10600	12330	3922	2260	940	974	2397	4527	4144	1794	524	29	15	2	0	0	0	6241	1853	740	84	25	0	0	0	0	0	0	0	0	0	0	0	0	0	0	4376	151999352
leech_0.002_8x_1.hist	141449466	1939987	373045	140393	73367	45178	38752	24605	21191	15686	9691	10950	6333	6912	3575	4035	6399	2665	888	2185	4127	1361	642	1248	2288	1270	285	91	1596	1305	385	113	124	371	1818	112	31	16	620	339	112	44	894	430	70	22	9	2	0	1337	151297487
