sample	r1	r2	r3	r4	r5	r6	r7	r8	r9	r10	r11	r12	r13	r14	r15	r16	r17	r18	r19	r20	r21	r22	r23	r24	r25	r26	r27	r28	r29	r30	r31	r32	r33	r34	r35	r36	r37	r38	r39	r40	r41	r42	r43	r44	r45	r46	r47	r48	r49	r50	genome_length
moss_0.008_4x_1.hist	63344905	6532239	1344395	558755	284206	176324	181207	161869	125227	63865	46086	52076	72401	50170	25960	19298	30610	40862	22672	12342	8005	3301	15679	30486	9572	5317	1199	385	1538	21536	6542	1943	776	88	13259	3392	974	530	105	2798	9916	4063	2155	807	133	43	18	5	0	15802	102036029
moss_0.02_4x_1.hist	75961753	5054553	1017403	418343	205408	128532	132678	118519	46665	51761	60377	43775	16805	23278	28881	22764	13122	5466	6881	16938	13417	4191	1815	3529	7540	13697	3091	994	330	164	8255	5967	2386	274	86	4	7517	4099	818	44	13	847	5079	1903	316	104	45	14	3	10711	102411625
moss_0.006_4x_1.hist	61133870	6658810	1416299	586433	294674	184208	201921	180372	123548	63008	62302	70400	58957	32590	24324	35198	55830	38410	6109	8338	15749	25783	24714	7230	2136	6835	16267	11845	3947	1972	1560	3120	16737	1929	613	8949	2572	1401	279	14	8488	6966	3696	1385	229	75	32	9	2	16248	101603510
moss_0.002_4x_1.hist	55252920	7543430	1579523	662162	346094	212686	198968	177735	183977	93827	53246	60167	82909	45831	23715	30988	49153	53163	8456	11096	20959	34312	32685	9563	1273	4075	9697	25860	8619	4308	2498	4996	16787	1935	614	37	9	21978	4394	243	80	31	5118	8784	1463	486	217	71	22	19237	101600807
moss_0.004_1x_1.hist	60048406	7335544	1690435	625590	359688	228485	268562	239902	196184	100052	48442	23889	20213	33374	41408	59919	95044	39600	6299	3428	2470	4043	19206	37345	29608	16447	3713	1194	397	197	57	16	12097	36292	14509	905	259	140	27	0	0	0	0	0	0	0	0	0	0	42930	103615540
moss_0.0_4x_1.hist	51973069	8126470	1674672	707761	379149	231170	204311	182507	203050	103554	56223	63531	88327	58392	30215	24107	38239	51047	40493	22045	14298	5276	25064	48735	4081	13058	2947	948	22398	22251	6591	1957	782	89	6267	17469	5021	2737	546	29	8026	9057	4806	1801	299	98	43	13	3	23756	102027220
moss_0.002_2x_1.hist	52671464	11663010	1881308	806018	449175	280653	315729	155121	71252	81512	95080	107440	110953	61334	31737	10097	14100	18822	39624	74124	48079	15023	6509	1903	1777	5688	13536	36097	22959	11478	3400	1009	402	45	13	2235	30874	16839	3366	186	61	24	11	3	0	0	0	0	0	38952	112459384
moss_0.01_4x_1.hist	65959015	6049890	1252412	519917	263468	163115	163390	145954	112527	57388	53291	60218	62138	34349	18639	26971	42782	21039	8151	20065	22585	7056	4407	8568	18308	10801	2438	784	1283	17963	5321	1580	631	71	12458	4238	1217	663	131	569	9254	3791	2011	753	124	40	17	4	0	14601	101860223
moss_0.008_2x_1.hist	62369286	8191219	1416589	602335	328491	202632	160975	79088	80540	92137	107474	94182	36158	19987	16945	24519	38892	51919	32501	17694	11476	3585	1803	3506	7492	23973	25555	8228	2741	6812	2017	598	238	26	7	1500	21950	11971	2393	131	42	16	7	1	0	0	0	0	0	26458	105793379
moss_0.01_1x_1.hist	63989893	8390748	1308342	561004	313361	196050	284588	139821	55053	29488	34396	38867	54036	89221	82753	26329	15177	6322	1533	3773	7126	11666	55415	20240	1189	659	148	46	14	6	6701	13402	32531	3751	1192	73	20	9	0	0	0	0	0	0	0	0	0	0	0	36771	104842608
moss_0.0_2x_1.hist	50650672	10862628	1925285	821889	453372	281612	237921	116893	112880	129134	150631	118523	45503	25153	26260	37999	60274	80464	12800	6967	11630	19040	68225	19962	1173	3753	8932	23818	26964	13481	3993	1185	473	53	16	504	34015	18552	3709	205	67	26	13	3	0	0	0	0	0	39354	109995948
moss_0.0_1x_1.hist	53073738	7003510	1611899	616974	351438	222196	343262	275835	108609	55389	38775	43814	60915	100579	91797	29207	16836	7014	4816	11854	22391	36657	81417	23822	1400	776	174	55	17	7	1	0	36141	35362	11250	702	200	108	20	0	0	0	0	0	0	0	0	0	0	46418	98185310
moss_0.006_1x_1.hist	58417002	10480002	1578222	678926	382693	240622	387260	213573	84093	42886	32725	36978	51411	84886	105321	33510	19316	8047	3485	8579	16204	26527	74101	21682	1274	707	158	50	15	6	1	0	15408	40599	12917	806	230	124	23	0	0	0	0	0	0	0	0	0	0	41461	108919809
moss_0.001_2x_1.hist	51194523	11632979	1928767	825574	458841	286257	264402	129903	100552	115031	134180	113794	43687	32410	40211	58188	56207	23418	8475	20862	39406	53403	23140	6770	1914	6124	14576	38868	15934	7966	2359	700	279	31	8	9636	30137	16437	3286	181	59	23	11	3	0	0	0	0	0	39781	111693971
moss_0.006_2x_1.hist	59513849	8965934	1516656	646623	355361	220240	186670	91712	77296	88426	103146	116554	45650	25234	14785	21394	33934	45300	51513	28045	18190	5683	2461	1667	3561	11396	27123	25440	8479	4238	1254	371	147	16	4	0	20901	18517	3702	204	67	26	13	3	0	0	0	0	0	27729	107048790
moss_0.01_8x_1.hist	66394542	5413723	1227168	484244	247631	155862	144326	128923	108030	55094	64265	68740	26390	40715	50516	16072	22027	29405	18328	9977	15926	16924	7332	5419	11579	12162	2745	883	9895	8791	2604	772	3341	10024	3188	198	56	4675	9416	522	173	69	3102	6032	1004	333	148	48	15	10508	100241144
moss_0.008_1x_1.hist	61403383	9503018	1429871	614899	346261	217603	355951	174883	68859	35117	35581	40205	55897	92294	78166	24870	14335	5972	6325	15569	29408	48144	32062	9380	550	305	67	20	5	1	383	766	57183	6595	2097	130	36	18	2	0	0	0	0	0	0	0	0	0	0	39066	107213318
moss_0.02_1x_1.hist	76238854	5652727	1052694	437119	221683	133953	68353	61058	92228	105508	73652	36322	13944	7707	8765	12683	20117	26855	21313	11603	7525	2350	6300	12249	719	398	89	27	8	3	8780	17560	12707	1464	465	28	7	2	0	0	0	0	0	0	0	0	0	0	0	26815	103437563
moss_0.002_8x_1.hist	56101753	6386678	1458987	586687	299816	189079	198392	166833	145130	78420	91474	72297	29298	48375	60020	34980	23448	31302	39992	21772	14121	7773	36922	11962	2689	8605	20479	12144	4047	2022	8645	13549	5418	624	1926	10023	2880	1570	10307	571	189	723	11473	4301	715	237	105	34	5286	10278	98815829
moss_0.01_2x_1.hist	65337920	7129996	1306132	552026	295756	180340	109087	75889	114631	131138	72076	35545	18384	30355	37661	54497	51673	21529	3424	2518	4755	7784	36974	23730	1394	773	173	54	15346	16210	4802	1425	569	64	19	0	0	22256	5852	324	107	42	21	7	0	0	0	0	0	22345	104326622
moss_0.02_8x_1.hist	76210280	4644366	1030578	401874	203684	128005	101381	90561	84310	42997	44209	49955	20323	26783	24119	13987	22185	9243	5298	13041	10858	3392	5363	10427	4254	2362	3444	9183	3235	1616	1894	3787	4713	542	171	5797	2147	1170	233	992	4345	1779	943	576	3281	1092	488	161	52	6516	101406257
moss_0.008_8x_1.hist	64139591	5555525	1263506	501033	256274	161343	153366	136999	120262	61388	71606	53547	47085	44997	27653	40015	29965	12484	26282	19398	12582	4217	20031	15726	1933	6184	14719	4739	1578	5330	12639	3754	1500	172	12317	2531	726	395	4427	5818	1938	793	420	5993	2650	882	394	130	42	9835	99860299
moss_0.004_8x_1.hist	59083891	6029212	1379729	550419	281266	177372	205493	135794	139453	71120	81077	60101	37771	62366	32271	33671	41884	17450	30117	25685	16659	6679	31725	12462	1936	6197	14748	13394	4463	2230	5577	11153	7755	893	283	6701	5032	5666	5527	306	101	926	11276	4227	703	233	103	33	10	12901	99186632
moss_0.002_1x_1.hist	53787498	10100205	1738707	744194	413586	258019	295068	144970	57081	64712	75484	85296	118587	102365	52970	16853	9714	4046	7580	18658	35242	57695	62715	18350	1078	598	134	42	13	5	0	0	78430	9046	2877	178	50	26	4	0	0	0	0	0	0	0	0	0	0	50275	106951499
moss_0.001_1x_1.hist	53883038	9976609	1988220	792667	445623	279799	366161	179899	70834	70087	81754	92381	128437	75703	39173	12463	7183	8966	18875	46460	87758	47408	20542	6010	352	194	42	12	3	0	13332	26663	56722	6542	2080	129	36	18	2	0	0	0	0	0	0	0	0	0	0	56699	108493890
moss_0.001_8x_1.hist	54617704	6501222	1490023	598765	306709	193463	216419	151065	164470	83961	97937	48299	54291	61237	31687	30119	47774	39986	12977	31943	20718	23435	13871	9207	19674	18230	4115	1324	20351	11306	3348	994	5159	15477	7485	466	133	647	15695	870	289	117	6127	9182	1529	508	227	74	23	15015	98506688
moss_0.02_2x_1.hist	75676733	5583761	996265	418870	220904	133201	69470	62055	93735	96282	46616	22989	13854	22874	28380	36040	20775	8655	1375	1774	3351	5486	26058	7624	447	324	770	2054	15061	7529	2230	661	263	29	8	0	0	6500	12288	681	226	91	47	16	1	0	0	0	0	16265	103636875
moss_0.006_8x_1.hist	61682582	5806341	1325678	526108	269779	169904	170183	145236	123048	70780	82562	42172	55480	47592	25845	37399	44104	18375	12629	31086	21137	6604	10759	20919	7844	4356	5743	15315	8430	4214	1247	369	18196	2260	718	43	6536	8348	1668	91	29	5891	5958	2233	371	122	54	3603	3348	5963	99616239
moss_0.0_8x_1.hist	52938279	6732081	1543884	620343	318387	200873	237567	142248	172438	95508	85804	69147	56373	39454	48951	45429	26187	21920	46148	31499	20431	6383	24938	31377	2781	8900	21182	12886	4294	2146	8255	16509	8890	1024	325	1418	13726	7486	1496	82	6326	2591	1374	7963	4021	1339	599	198	65	13857	98395809
moss_0.004_2x_1.hist	56381587	10148888	1696101	723672	398616	247384	203255	99861	105236	120389	140429	85863	32964	20068	24898	36029	57148	76291	12381	6739	4370	5286	25111	48827	22371	12427	2805	902	1650	23100	6843	2032	811	92	28	4046	25062	13669	2732	150	49	19	9	2	0	0	0	0	0	35365	109805723
moss_0.004_4x_1.hist	58097364	7279086	1527165	635065	323615	201116	208689	186419	137705	70228	69220	78218	48355	32293	40066	57977	33943	14142	13447	33101	37955	11860	5138	8602	18381	26598	6005	1932	643	7127	15590	4631	1851	212	19676	2879	826	449	88	3	7664	10212	5419	2031	337	111	48	15	4	14972	101828052
moss_0.001_4x_1.hist	53771319	7803667	1647078	688377	356390	220410	221411	197783	175656	89583	55131	62297	86611	60542	31327	21557	34193	45646	43634	23755	15408	5523	26234	35274	2073	4377	10416	27775	9257	4627	1370	406	9870	20390	6486	404	115	61	11	4687	15043	6164	3271	1225	203	66	28	8	1	21363	101664718
