sample	r1	r2	r3	r4	r5	r6	r7	r8	r9	r10	r11	r12	r13	r14	r15	r16	r17	r18	r19	r20	r21	r22	r23	r24	r25	r26	r27	r28	r29	r30	r31	r32	r33	r34	r35	r36	r37	r38	r39	r40	r41	r42	r43	r44	r45	r46	r47	r48	r49	r50
moss_0.01_4x_17.hist	71624847	12677946	2191465	858861	475231	295724	220511	108339	90046	103011	120159	92149	35377	19555	22915	33158	52595	70212	16465	8963	5813	2483	11797	22937	31509	17504	3951	1271	422	5666	17702	5259	2102	241	75	3	0	29498	5898	326	107	43	21	7	0	0	0	0	0	29496
moss_0.01_2x_30.hist	64847914	7142567	1281339	543547	294409	180821	136961	67290	82732	94645	110399	57637	22127	23874	29620	42862	49494	20621	3279	8072	15246	24959	26325	7702	452	250	55	16	20440	16846	4990	1481	591	67	20	0	0	15223	13992	776	257	104	54	19	2	0	0	0	0	20491
moss_0.0_1x_30.hist	51590716	9393179	1781681	757318	412619	254371	184959	92777	140141	160320	164963	81355	31233	21336	26472	38305	60759	81112	15226	8289	5375	5739	27263	53012	35795	19885	4489	1444	480	239	69	19	7586	22759	42972	2684	770	419	82	3	0	0	0	0	0	0	0	0	0	51472
moss_0.01_4x_30.hist	66028461	5806786	1237126	510758	254215	159138	178496	159448	76320	61629	71887	71933	27616	35724	44324	33208	19142	15729	29688	16162	10483	3274	11196	21770	7166	3980	930	2479	17330	8664	2566	761	303	34	13434	5704	1639	893	177	8	2177	7579	4022	1507	250	82	35	10	2	13657
moss_0.0_4x_30.hist	52036766	7616823	1630837	681539	352770	218639	228985	204548	157521	80335	93707	94368	36229	41243	51171	35977	56270	23444	9250	22769	43008	38366	16624	4863	3263	10441	24849	8001	14834	16358	4845	1438	574	65	26386	3495	1004	546	108	5	15905	6517	3458	1296	215	70	30	9	2	23839
moss_0.0_4x_17.hist	65342611	13848865	3173906	1157644	658509	417416	444195	396793	206863	105499	62004	70064	97409	149106	77157	24549	14150	9931	20907	51462	90846	28388	12300	3598	2175	6960	16564	44171	40898	20448	6057	1798	718	81	25	0	0	57323	11463	635	210	85	44	15	1	0	0	0	0	49615
moss_0.001_2x_30.hist	51123788	10679424	1816428	777724	432642	270051	285278	140160	76003	86946	101419	114603	103381	57148	29571	10622	16847	22490	47347	67197	43586	13619	5900	1725	3005	9615	22884	45083	15026	7512	2224	660	263	29	8	0	20911	26538	5306	293	96	38	19	6	0	0	0	0	0	37408
moss_0.001_2x_17.hist	66373214	11383156	2614961	957890	547645	347610	380024	339470	269954	137676	66658	32873	25913	42785	53084	76815	118791	49495	7873	4285	2778	4397	20886	40610	50246	27913	6302	2028	675	336	98	28	18978	56934	18114	1131	324	175	34	0	0	0	0	0	0	0	0	0	0	60323
moss_0.01_8x_30.hist	66316129	5281599	1202431	474894	242795	152765	140773	125750	107590	58660	68425	56032	32935	53862	27871	22276	35334	26703	6183	11480	21684	16454	7129	3669	7840	17484	3947	1270	5541	8333	2468	732	12912	1725	547	33	6006	6961	1391	1185	2794	1144	606	6984	1163	386	172	56	17	9576
moss_0.001_4x_17.hist	66402961	13032055	2977072	1089062	620889	392726	450196	355164	139844	76339	89046	100621	139893	86041	44523	14165	18993	25354	53377	63255	41029	12820	5554	3505	7490	23969	57046	34655	11550	5774	1709	507	201	22	6	10445	37802	20618	4122	228	75	29	14	4	0	0	0	0	0	46101
moss_0.01_2x_17.hist	71705481	12607211	2290005	868985	491919	310007	363688	272443	107273	54708	26487	27960	38872	64184	79634	76162	43904	18292	2909	1582	2298	3762	17872	34750	36220	20121	4542	1461	486	242	70	20	7	0	40067	9758	2804	1528	304	15	4	0	0	0	0	0	0	0	0	39074
moss_0.0_8x_17.hist	62922704	24892659	4697330	1784513	1003840	630484	569451	279778	172877	197771	230693	133470	51242	78450	97335	90024	51895	21622	24800	61047	53752	16796	7277	12073	25798	78774	17786	5726	1907	952	17731	35462	44153	5092	1619	100	27	14	35909	20567	6854	2808	1489	557	91	29	1651	29279	9758	5854
moss_0.001_1x_17.hist	68197215	14227163	3315202	1203316	600289	385602	239130	213611	322662	268499	130000	64112	65321	107855	133820	42578	24544	10225	1625	884	965	1579	7500	14583	31161	99716	102881	33130	11042	5520	1634	484	192	21	5	0	0	0	0	0	0	0	0	0	0	0	0	0	0	108824
moss_0.0_2x_30.hist	49540316	11387996	1918653	822483	459079	287099	335841	165003	78769	90110	105110	118774	100834	55740	28842	12794	20293	27090	57032	59500	38594	12059	5224	2658	5679	18174	43255	28647	9548	11078	3281	973	388	43	12	0	34646	19767	3952	218	71	28	14	4	0	0	0	0	0	42054
moss_0.0_8x_30.hist	53039092	6423935	1485483	592837	306527	193165	203527	181807	146982	88920	102499	50549	66525	36774	39370	53587	30890	20954	44114	24016	16506	27022	17245	20752	11226	6337	15081	17981	5992	2995	7053	14105	5641	649	5548	11255	3234	1763	6845	379	125	7537	8073	3026	503	166	4530	1509	502	11335
moss_0.01_1x_30.hist	64559718	8639914	1412568	582493	326542	204708	271365	133324	52495	39005	45497	51411	71476	102066	52815	16803	9685	4034	2340	5760	10880	17812	73674	21557	1267	702	157	49	15	6	1	0	2743	8229	37065	2315	664	361	71	2	0	0	0	0	0	0	0	0	0	33167
moss_0.001_1x_30.hist	53051960	9902139	1811612	770587	420702	259689	188836	92777	122325	139939	163235	136656	52465	29001	15006	8831	14007	18698	39363	96893	69933	21853	9468	2769	161	88	19	5	0	0	20858	41716	43096	4970	1580	97	27	13	1	0	0	0	0	0	0	0	0	0	0	57441
moss_0.001_8x_17.hist	63199486	24658602	4575934	1739324	976075	612255	504961	248094	191569	219154	204907	101054	52923	87384	108420	71506	41220	17174	24257	59710	59954	18734	8117	15782	33725	36359	14693	39182	13059	6528	1933	573	38490	32996	10497	655	187	101	19	13480	26111	10700	5678	2128	353	116	51	16	4	40082
moss_0.0_1x_17.hist	66354059	24056278	5622136	2069915	938065	597828	185301	165526	250029	286032	333648	377021	199300	110172	57009	18138	10455	4355	691	895	1691	2767	13146	25560	54618	174779	122398	39415	13137	6567	1944	576	229	25	7	0	0	0	0	0	0	0	0	0	0	0	0	0	0	171390
moss_0.001_8x_30.hist	54403726	6277810	1448782	577663	299393	188153	195795	174901	147652	83355	97230	48457	67369	41125	35566	50174	28922	28669	40050	21804	14142	23152	24846	7269	10450	25959	5860	1886	6123	20347	6027	1790	2395	7186	13028	813	232	2076	14606	810	269	4153	2203	4379	5536	1844	825	274	90	13036
moss_0.001_4x_30.hist	53745563	7326494	1579291	658981	339439	210860	232207	207427	144606	73748	86024	97206	44893	28886	35839	51860	52978	22073	10650	26215	49517	15473	6704	9559	20426	19809	4472	1696	22609	11303	3348	993	8011	6376	2027	14740	4236	2309	460	24	10355	7025	3727	1396	231	76	33	10	2	21453
moss_0.01_1x_17.hist	76861068	20797791	4799064	1685250	795106	511386	128290	114599	173103	198029	230994	261022	108976	60241	31172	9917	5716	2380	596	1466	2769	4532	21527	41858	89446	99024	22359	7199	2398	1198	354	104	40	3	0	0	0	0	0	0	0	0	0	0	0	0	0	0	0	92964
moss_0.0_2x_17.hist	65968670	12723889	2944722	1067719	602739	383514	371687	332023	318010	162184	78524	38725	36438	60164	74647	108018	62268	25944	4126	5667	10703	17522	83231	83334	4901	2721	613	196	64	31	8	1	70185	38812	12348	770	220	119	22	0	0	0	0	0	0	0	0	0	0	67007
moss_0.01_8x_17.hist	68864633	21046122	2845741	1201303	641360	390130	179786	160599	242587	140018	67792	44889	62408	92822	48031	15281	21141	28221	59413	34169	22162	6924	8211	15966	34116	23192	5236	1685	560	3694	31349	9313	3724	428	135	7	12772	14334	2865	158	51	20	10933	6472	1077	358	159	52	16	18240
