sample	r1	r2	r3	r4	r5	r6	r7	r8	r9	r10	r11	r12	r13	r14	r15	r16	r17	r18	r19	r20	r21	r22	r23	r24	r25	r26	r27	r28	r29	r30	r31	r32	r33	r34	r35	r36	r37	r38	r39	r40	r41	r42	r43	r44	r45	r46	r47	r48	r49	r50	genome_length
leech_0.008_2x_1.hist	144713352	1599752	318064	118149	65272	40579	27762	13639	17446	18707	9056	4465	2610	4308	5344	7733	4457	1856	294	159	291	475	2258	4390	1457	808	181	57	18	8	339	677	2303	264	83	4	0	0	0	1512	507	206	108	39	5	0	0	0	0	2102	152488665
leech_0.01_4x_1.hist	144612064	1582789	273397	111152	52468	33154	33064	27144	10687	8759	10216	9450	3627	3818	4736	5522	3182	1325	533	1312	2478	2547	1103	321	106	339	806	1848	615	306	89	25	471	1413	448	27	6	2	0	100	1174	480	253	94	14	3	0	0	0	1729	152094649
leech_0.008_4x_1.hist	144168520	1625652	295805	118226	55842	35315	33971	29333	11548	8654	10093	11404	7027	3883	2219	3211	5092	2120	802	1975	3199	998	431	396	845	2704	609	195	64	31	711	1422	1099	125	39	1	0	252	1987	109	35	13	6	1	0	0	665	220	72	1116	151840725
leech_0.02_1x_1.hist	150198104	1524258	291040	103353	56432	35827	21721	19402	20208	10305	4988	2459	1352	2232	2768	4005	4919	2048	324	369	696	1139	2776	811	46	24	4	0	0	0	0	0	2841	1610	511	30	7	3	0	0	0	0	0	0	0	0	0	0	0	2941	156256284
leech_0.006_8x_1.hist	142806617	1707759	334466	125604	66571	40765	32198	27775	13568	15521	9089	6283	8224	4545	3591	5195	2994	3996	905	1287	2430	2389	1034	373	796	2208	497	159	82	1156	1058	313	124	13	1324	81	22	11	1248	161	52	20	9	900	221	72	31	9	2	1128	151429949
leech_0.008_8x_1.hist	143331554	1640305	313681	118932	61341	37831	31754	21284	16275	9800	11430	6938	4490	7414	3835	2422	3841	2128	1717	2651	1718	536	2163	632	386	1235	1119	359	118	58	1623	688	274	30	8	921	660	359	70	2	0	587	665	248	40	12	4	129	718	430	151593026
leech_0.001_2x_1.hist	142637407	1832722	387594	143808	77502	47443	35813	31990	30376	15491	7499	5073	7053	11645	10469	3330	1918	798	999	2459	4645	4926	2133	623	35	18	3	0	2273	3007	890	263	104	11	2	0	454	2366	472	25	7	2	0	0	0	0	0	0	0	2782	152106008
leech_0.001_4x_1.hist	141832346	1972164	397093	146108	80035	49504	27814	19363	29247	17202	8328	6005	8347	10610	5489	2047	3247	4334	4058	2208	1431	976	4282	1252	111	355	846	2255	1378	688	202	59	22	1	1660	1060	303	164	31	0	520	716	379	141	22	6	1	0	0	1654	151630798
leech_0.008_1x_1.hist	149267153	1725100	398892	140897	65664	42129	16060	14345	21668	24787	20629	10172	3904	2157	1115	650	1030	1374	2892	7119	5549	1733	750	218	11	5	0	0	0	0	0	0	4471	1774	563	34	8	3	0	0	0	0	0	0	0	0	0	0	0	4146	157019700
leech_0.002_8x_1.hist	141492883	1940583	374424	140935	73641	45393	39904	25924	17213	17593	10063	11370	5972	4925	6109	5331	4113	1713	1515	3728	3384	1056	707	1373	2530	1404	316	100	1579	788	232	433	1440	165	51	2	458	1163	231	11	2	0	589	765	126	41	17	4	0	1377	151289458
leech_0.002_2x_1.hist	142539100	1848808	351160	139868	65435	41515	37536	33529	29923	15260	7387	3642	5063	8358	10370	5132	2957	1231	1567	3857	3610	1127	487	447	955	3057	2541	817	271	134	38	10	3	0	0	2895	831	452	89	3	0	0	0	0	0	0	0	1329	767	459	151800324
leech_0.02_2x_1.hist	147457623	1343080	200992	84514	44586	26892	15127	7431	9313	10653	11209	5527	2121	1171	1229	1777	2818	3761	1520	827	535	166	474	922	1809	1004	225	71	22	10	520	1039	824	94	28	0	0	0	0	1405	467	190	100	36	5	0	0	0	0	1568	153117568
leech_0.004_8x_1.hist	142157959	1852553	352629	133265	69336	42639	35204	30268	13696	15667	11517	6355	8834	5814	3007	3843	5430	2261	1497	3390	2198	685	1135	2206	1113	617	465	1240	532	265	628	1255	574	65	19	0	1029	645	128	6	594	242	127	229	338	111	49	15	4	1341	151434155
leech_0.02_8x_1.hist	146363511	1285267	238707	92645	45596	28560	19141	14518	10384	7754	7555	3725	4641	3693	1910	2445	2538	1056	763	1877	1216	379	773	1502	136	146	347	926	889	443	130	37	225	676	476	28	7	797	233	11	2	569	301	111	17	4	471	415	137	81	151998978
leech_0.006_4x_1.hist	143602421	1651505	339895	125656	68503	42246	22463	20065	26531	13530	6550	5835	8111	6826	3531	2251	3570	4765	2580	1403	909	354	1683	3272	191	188	446	1190	959	478	140	40	1959	395	124	6	0	0	0	1374	716	292	154	56	8	1	0	0	0	1823	151755204
leech_0.002_1x_1.hist	144245281	1750179	394628	140953	77776	49129	46594	41621	17439	8892	6155	6954	9668	15963	8259	2627	1513	629	533	1311	2476	4053	7352	2150	125	68	14	3	0	0	0	0	603	1808	3321	206	58	30	5	0	0	0	0	0	0	0	0	0	0	4461	152843127
leech_0.004_4x_1.hist	142519101	1796808	348295	132787	65750	41449	43549	22918	15304	17506	8475	8248	9906	5475	2832	3741	4307	1793	3630	3636	2358	735	317	499	1066	3412	1071	343	113	55	15	3	2709	584	184	10	2	0	0	358	1235	505	267	99	15	4	0	0	0	1591	151581949
leech_0.0_4x_1.hist	141375520	2038366	403072	150188	80716	49430	37627	33611	20949	10683	11879	13423	9797	5414	2801	3655	5797	6451	1025	937	1770	2896	4492	1313	85	271	645	1721	1696	847	249	73	107	321	2083	129	36	18	2	0	1444	591	312	116	18	5	1	0	0	1839	151527552
leech_0.006_1x_1.hist	146847960	1697141	342912	125640	71131	44829	46970	41956	16519	8423	4783	5404	7512	12402	7139	2270	1308	544	393	966	1824	2986	7128	2085	121	66	14	3	0	0	0	0	1153	3459	1099	67	18	9	0	0	0	0	0	0	0	0	0	0	0	3735	154733740
leech_0.002_4x_1.hist	142080483	1886519	371951	139598	74800	45612	35340	31568	14579	16677	14727	7262	4255	7025	8715	3808	2194	1849	3892	3192	2070	645	775	1506	3218	1787	402	128	41	19	2520	748	298	33	9	360	1070	582	115	5	0	363	961	359	58	18	7	1	0	1367	151461065
leech_0.0_1x_1.hist	143390883	1877408	391122	142927	80918	50997	55357	43412	17092	8716	6983	7890	10969	18111	9371	2980	1717	714	291	716	1352	2213	10515	3075	179	98	21	5	0	0	0	0	3982	1719	546	33	8	3	0	0	0	0	0	0	0	0	0	0	0	4547	152652820
leech_0.02_4x_1.hist	146794939	1365120	213387	88121	43897	26617	17517	15646	15412	7859	3804	4058	5641	3117	1689	2444	3591	1495	236	354	667	1092	2835	828	47	56	133	356	1337	667	196	57	22	67	1638	101	28	14	1	0	684	408	215	79	12	3	595	197	64	375	152383682
leech_0.01_2x_1.hist	144842404	1577417	275095	111898	52914	33264	30340	27101	15189	7745	8954	10117	5722	3162	2685	3884	6160	2565	407	220	315	515	2447	4758	278	153	33	9	2	0	485	970	1576	180	56	2	0	0	0	1659	552	225	118	43	6	1	0	0	0	1704	152208715
leech_0.01_1x_1.hist	146178866	1607931	300429	110785	62768	39574	39719	35479	15640	7975	3860	3451	4797	7919	9655	3071	1769	736	463	1139	2151	3521	3010	879	50	27	5	0	0	0	0	0	5084	585	185	10	2	0	0	0	0	0	0	0	0	0	0	0	0	3613	153375703
leech_0.004_1x_1.hist	145218278	1686553	343682	126990	71629	45055	52281	28939	11393	12362	14419	16293	8689	4802	2484	789	1090	1454	3060	7533	5924	1850	800	233	12	6	0	0	0	0	2436	3764	1504	172	53	2	0	0	0	0	0	0	0	0	0	0	0	0	0	4360	153376307
leech_0.004_2x_1.hist	143128681	1646057	309247	126169	60302	37481	34358	30691	19023	9700	8566	9679	11884	6568	3398	1719	2726	3638	4443	2418	1567	488	396	769	1644	3733	842	270	89	43	11	2	1535	661	209	12	99	2122	423	22	6	1	0	0	0	0	0	0	0	2864	151429131
leech_0.0_2x_1.hist	141944854	1893513	362519	146954	68638	42577	31201	27870	35079	17889	8660	4270	5569	9194	11406	4456	2568	1069	742	1827	3450	5648	3382	988	57	30	5	0	2503	2844	841	249	98	10	2	0	0	0	1580	1545	514	209	110	40	5	0	0	0	0	1856	151622447
leech_0.001_1x_1.hist	144250847	1844712	412394	145965	79183	50514	32600	29120	43986	25368	12281	6056	2324	2366	2935	4247	6735	8991	1429	777	748	1224	5815	4605	269	148	32	9	2	0	0	0	1567	3472	1103	67	18	9	0	0	0	0	0	0	0	0	0	0	0	4313	153221788
leech_0.0_8x_1.hist	140781716	2066449	395325	148920	77345	47749	42502	22125	25874	14138	10276	11611	9688	5354	3952	5718	4403	1833	3859	3564	2311	721	1768	3437	458	337	802	2139	834	416	229	457	1757	201	63	2	198	1533	305	15	4	74	1020	381	62	19	7	1	0	1342	151152460
leech_0.001_8x_1.hist	141196747	1892307	388037	143673	77342	47312	35072	31328	19475	11730	13681	11952	4587	5658	7019	4621	2662	2589	4407	2398	1910	2058	891	1731	2131	1183	266	84	2139	1068	315	92	36	3	1975	455	130	69	12	514	654	267	140	51	427	329	146	47	14	912	151096074
leech_0.006_2x_1.hist	143958878	1663752	299810	123020	59971	36169	19928	17801	26887	20318	9836	4850	4072	6723	7743	2462	1418	1416	2980	4685	3038	948	409	118	130	415	988	2635	994	496	145	42	15	0	0	0	1386	1788	356	18	5	1	0	0	0	0	0	0	0	2880	152132960
leech_0.01_8x_1.hist	144009867	1544978	297815	113378	58008	35893	33287	18055	12677	14502	8473	5037	7002	5222	2701	3908	2378	2442	2214	1204	1047	1714	1679	490	425	1360	956	307	101	127	1458	432	171	507	660	40	10	4	1294	126	41	15	7	837	274	90	39	12	3	945	151532148
