sample	r1	r2	r3	r4	r5	r6	r7	r8	r9	r10	r11	r12	r13	r14	r15	r16	r17	r18	r19	r20	r21	r22	r23	r24	r25	r26	r27	r28	r29	r30	r31	r32	r33	r34	r35	r36	r37	r38	r39	r40	r41	r42	r43	r44	r45	r46	r47	r48	r49	r50	genome_length
moss_0.0_8x_MiSeqv3L250R.hist	53208399	7170492	1602650	662629	331793	210052	301281	148022	118699	135791	94773	46738	64980	57001	29495	35803	56790	23661	14769	36355	42117	13160	8423	16377	25796	14330	3726	9935	9226	4612	19719	7477	2990	343	108	18018	5179	2824	563	5025	1674	2140	11192	4196	698	231	102	33	10	18499	87317572
moss_0.0_1x_20.hist	58463937	10258389	2363989	870158	494176	314402	333770	298152	291560	148694	71993	35504	16916	27930	34654	50145	79540	106183	58431	31811	20633	6447	2792	816	47	25	4	0	6245	87442	48426	14388	5754	662	209	12	2	0	0	0	0	0	0	0	0	0	0	0	0	71017	111871304
moss_0.001_2x_HiSeq2500L150R.hist	62272003	10106730	2310169	855078	489079	309870	372160	332445	153730	78401	60111	67925	94436	52203	54483	78839	45447	18935	3011	5353	10112	16553	78629	75029	4412	2450	552	176	57	27	7	1	7529	22587	57911	3618	1039	565	112	5	0	0	0	0	0	0	0	0	0	49345	106338233
moss_0.01_4x_23.hist	66201704	6482550	1315552	546188	276889	170455	149354	133415	142089	72464	40447	45704	63542	47532	24595	19979	31691	42305	6729	6813	12869	21068	18784	5495	2605	8335	4964	13236	7407	3702	1096	324	4421	13263	5429	338	96	51	9	11473	4905	2009	1065	398	65	20	8	1	0	15242	101169030
moss_0.001_2x_MiSeqv3L250R.hist	52721937	11448289	1914720	820240	456933	285445	343200	168618	66785	76401	89119	100704	126423	69886	36163	11505	10743	14341	30191	74316	56454	17641	7643	2235	2511	8036	19126	44079	14692	7345	2175	645	257	28	8	32268	15038	8201	1639	90	29	10	4	0	0	0	0	0	0	44048	102048077
moss_0.0_1x_23.hist	51454489	9004239	1822192	730235	414609	261693	393604	306121	120534	61471	29762	29915	41590	68672	85203	94845	54674	22780	3623	1971	3406	5575	26482	51493	38901	21610	4878	1570	522	260	76	21	14910	44729	14231	888	254	137	26	0	0	0	0	0	0	0	0	0	0	53625	101380234
moss_0.001_8x_HiSeq2500L150R.hist	56250982	22443566	4276236	1620644	911884	572815	476631	234175	202759	231956	144911	71466	80630	133133	71309	30078	47710	63690	52333	28491	18480	5860	27836	54125	37569	20871	4711	1516	4702	65835	19505	5794	2316	266	83	22141	28949	15789	3156	174	57	22	10	6435	25646	8547	3830	1275	424	8509	100638481
moss_0.001_8x_20.hist	55434980	8016336	1716766	709528	354344	223684	286502	140762	164944	123614	59850	65136	80308	44393	27535	39844	42602	49465	7868	19233	36328	29877	12946	8983	19195	25113	5669	1824	1748	24482	14024	4166	1665	191	59	2	0	0	0	0	0	0	0	0	0	0	0	0	0	0	65349669
moss_0.0_8x_25.hist	53031990	6777168	1554097	623478	321296	202411	211583	172414	153956	85014	99165	67271	47809	54218	35104	50797	29526	22024	46367	25243	16373	13738	40398	11820	2915	9329	22203	13259	4418	2208	14144	12500	4999	575	182	14556	6471	3528	704	4056	5254	2152	1141	7899	4014	1337	598	198	65	15214	98575968
moss_0.001_8x_23.hist	54964829	6777632	1547869	622560	318327	200770	210912	188404	132629	89067	103893	63593	36896	60920	44303	28560	45302	31824	15540	38252	25679	8023	17062	33176	9557	5308	6909	18423	12442	6220	1842	3086	22252	2566	815	49	6362	13129	2624	144	47	18	12960	5270	877	291	129	42	13	16046	97032838
moss_0.01_1x_23.hist	64770778	8896562	1372657	588471	328543	205495	305762	150224	59150	30165	27404	30966	43051	71083	88195	49592	28587	11910	1893	1865	3523	5767	27392	53262	3132	1739	391	125	40	19	4	0	30792	18001	5726	356	101	54	9	0	0	0	0	0	0	0	0	0	0	37853	106502299
moss_0.001_2x_20.hist	54948704	11615359	2024712	858311	472578	293211	240794	118304	123196	140935	164396	94663	36343	20089	24534	35501	56311	75173	45285	24654	15990	4996	4370	8496	18154	58093	33376	10747	3581	1789	529	156	61	6	0	45764	13156	7175	1434	78	25	9	3	0	0	0	0	0	0	45285	106841039
moss_0.001_4x_25.hist	53867463	7616551	1602301	672429	352611	217061	213902	191075	179446	91516	55655	62889	87435	51362	26577	24475	38821	51825	35301	19218	12465	7526	35749	34016	1999	2566	6107	16286	21597	10797	3198	949	378	42	14529	14984	4306	2348	468	25	549	12287	6521	2444	406	134	59	18	5	20328	101290460
moss_0.01_4x_HiSeq2500L150R.hist	68477440	10839066	1729297	729681	389044	236433	126182	112716	170258	123701	59892	29536	36273	59891	74309	23642	13628	8659	18230	44873	34416	10754	4659	1362	2168	6938	16511	24272	8089	4043	1197	354	6165	5858	1862	115	32	16	27101	1504	500	204	107	39	5	0	0	0	0	22687	107050747
moss_0.01_1x_HiSeq2500L150R.hist	67918265	12086669	1933542	762954	432299	272570	342620	267847	105463	53785	26040	19007	26425	43632	54135	78335	92791	38662	6149	3347	2170	677	357	694	1483	4745	11292	30111	43759	21878	6481	1924	768	87	26	0	0	0	0	0	0	0	0	0	0	0	0	0	0	52987	115613405
moss_0.01_4x_novaseq_profR.hist	65748212	6013227	1265493	522280	259610	162634	181547	162172	77060	62751	73197	49858	47696	46008	23807	34449	32592	13579	8787	21630	28971	9052	3921	3433	7335	23472	5342	1719	572	285	6390	12779	9480	1092	346	20	4	1033	16556	918	305	124	64	5471	1879	625	279	92	29	12364	102200297
moss_0.0_1x_novaseq_profR.hist	51160032	9561830	1738738	744628	414483	258805	326177	160254	63099	67244	78437	88633	123226	95785	49564	15769	9089	3786	6679	16441	31055	50841	91711	26835	1577	875	196	62	19	8	1	0	31050	39779	12656	790	226	122	23	0	0	0	0	0	0	0	0	0	0	52662	104868696
moss_0.01_8x_novaseq_profR.hist	66302064	5411271	1225018	483882	247196	155621	146776	131112	107680	55907	65213	63413	27289	45058	46481	14788	23456	31312	17587	9574	11486	18759	8128	5019	10724	14224	3210	1033	6807	10475	3102	920	3062	9185	5612	349	99	53	11737	1491	496	202	106	7228	1644	547	244	80	25	9139	100887098
moss_0.0_2x_25.hist	50121707	11610463	1969396	843282	469197	292900	299932	147360	90298	103300	120495	136159	82036	45348	23465	16737	26547	35439	74608	42738	27721	8661	3752	6974	14902	47685	10766	6729	25875	12936	3832	1137	454	51	15	12758	29879	16296	3258	180	59	23	11	3	0	0	0	0	0	41435	111679347
moss_0.0_1x_MiSeqv3L250R.hist	51313333	9629148	1723522	740341	415593	260730	454692	223396	87961	44859	30999	35027	48698	80408	99764	107150	61768	25735	4093	2227	1443	1103	5241	10190	21775	69679	15733	5065	1687	842	6832	13663	42622	4915	1563	96	26	13	1	0	0	0	0	0	0	0	0	0	0	62571	99011234
moss_0.0_4x_25.hist	52318407	8019489	1672062	705348	375741	228906	195541	174674	208410	106288	55124	62289	86601	62135	32152	19841	31471	42012	44886	24437	19286	31573	13680	6252	13359	40473	9138	2941	979	488	12889	25778	10310	1188	377	22	2076	18637	3726	206	67	8426	7242	2715	451	149	66	21	6	23240	102113804
moss_0.0_4x_20.hist	52015217	14363693	2331126	994952	548573	340644	253872	124730	182985	209334	116714	57559	39245	64799	80398	63300	36489	15203	12912	31784	60035	36363	15756	5693	5681	18180	43269	20803	6933	3465	5560	11119	23678	2730	867	53	14	6	46188	2565	854	349	184	68	10	2	0	0	0	39401	109746950
moss_0.01_2x_23.hist	65287317	7662496	1338217	568204	308588	189849	150438	73911	76545	87567	102143	84251	32345	17879	15741	22778	36129	48231	29574	16100	10442	3262	1412	2425	5182	16582	30248	9739	3245	1621	479	141	55	5	0	0	21221	13452	2689	148	48	18	9	2	0	0	0	0	0	23136	103864218
moss_0.01_1x_20.hist	63718984	14562957	1910012	815828	458390	287722	410702	214060	84285	42984	21661	24477	34029	56187	69712	100877	58152	24229	3853	2799	5287	8654	41108	12082	709	393	87	27	1692	23699	44665	13270	5307	611	193	11	2	0	0	0	0	0	0	0	0	0	0	0	0	52729	119662807
moss_0.01_2x_MiSeqv3L250R.hist	65451531	7824896	1328269	565521	309598	191427	170094	83568	54283	62099	72436	81852	74824	41362	21402	10077	15983	21336	44917	31636	20520	6411	2777	811	1727	5528	13156	23367	7788	3893	1152	341	135	14	3	15432	12480	6806	1360	74	23	8	3	0	0	0	0	0	0	25195	99388419
moss_0.0_1x_HiSeq2500L150R.hist	61412188	9040260	2103280	772145	442559	281630	314910	281304	280374	142990	69231	34142	16111	26601	33005	47759	75755	101130	50366	27420	17785	5556	2406	703	40	21	3	0	94563	47280	14008	4161	1663	190	59	2	0	0	0	0	0	0	0	0	0	0	0	0	0	74235	106922747
moss_0.001_8x_25.hist	54677409	6536822	1500010	601398	307972	194239	224419	145908	159892	81544	90397	68470	38601	63736	40562	26229	41605	45439	11332	27893	32008	10001	16005	31120	2449	7836	18648	10742	3579	2932	19483	5788	2314	265	10978	7664	2202	1200	2948	9496	3164	1295	686	9980	1662	553	246	81	26	15848	98706071
moss_0.01_8x_25.hist	66327399	5408249	1228138	483720	248057	155811	149487	133534	100376	60084	70085	51395	39676	46756	25867	37430	24458	11628	24479	19299	12517	3972	18866	10055	3361	10756	6728	2165	6335	10872	3220	955	2567	7702	7384	460	131	70	10170	2440	812	331	175	5229	2940	979	437	144	47	8981	100199212
moss_0.0_4x_MiSeqv3L250R.hist	51659701	10274668	1874075	798021	437038	270287	206590	110944	167581	190449	92210	45474	38493	63558	78858	48329	27859	11607	16132	39710	62560	19549	8470	4941	10559	33788	28785	9268	3088	1543	2230	4460	39353	4538	1443	89	24	12	1	19282	10030	4109	2180	816	135	44	18	5	0	28808	96025561
moss_0.01_2x_novaseq_profR.hist	64972671	7463740	1320117	559496	302223	185293	131616	64664	95654	109427	102250	50426	19359	22585	28021	40547	64316	26797	4262	4193	7919	12964	35216	10303	605	335	141	375	26136	13067	3870	1149	458	51	15	0	0	23380	4675	258	85	33	17	5	0	0	0	0	0	23709	105562382
moss_0.001_2x_novaseq_profR.hist	51389451	11416122	1901083	814245	453373	283143	303377	149052	82980	94928	110730	125124	85324	47166	24406	15298	24265	32392	68194	44810	29065	9081	3934	7649	16344	52301	14088	4536	1511	18428	5459	1621	647	73	22	39510	11358	6194	1237	67	21	7	3	0	0	0	0	0	0	43145	112457830
moss_0.0_8x_20.hist	53764088	8412249	1781699	738322	371978	234279	254141	159803	182865	93260	95413	85820	36351	60021	58761	22561	35786	47773	23231	21140	39931	22098	9575	14563	31120	17288	3902	1255	2635	36363	10773	3200	1279	146	45	1	0	0	0	0	0	0	0	0	0	0	0	0	0	0	65209442
moss_0.01_1x_novaseq_profR.hist	64278522	8928834	1379943	591327	329694	206056	290286	142621	56156	28900	33711	38092	52959	87443	92404	29400	16947	7060	1122	2088	3943	6454	30658	59611	6681	3710	836	268	88	43	11	2	14206	26845	8540	532	152	82	15	0	0	0	0	0	0	0	0	0	0	34361	107284640
moss_0.01_8x_20.hist	66702076	6315191	1334909	547453	267923	169503	216413	106326	86708	99194	48694	46326	63744	35237	23992	34717	35488	14785	8852	21790	26450	8264	3580	5792	12376	17744	4005	1289	1061	14865	4403	1307	2249	6746	6707	418	119	4782	7270	402	133	53	6087	4104	683	226	100	32	9	11170	96169299
moss_0.01_1x_MiSeqv3L250R.hist	63426196	8882699	1312564	564709	318371	200205	320120	182810	71980	36709	27884	31508	43804	72327	82749	26328	15176	6322	9579	23579	44537	13916	6029	1763	102	56	11	2	1135	15902	40069	11904	4760	548	173	9	1	0	0	0	0	0	0	0	0	0	0	0	0	40971	102800893
moss_0.0_2x_MiSeqv3L250R.hist	51357967	10920755	1887723	809132	451517	282328	361601	177659	69952	73823	86111	97305	135283	74783	38697	12311	7096	9454	19903	48991	92537	36240	15703	4594	269	776	1847	4925	40903	20450	6058	1799	718	81	6052	35810	10294	5614	1121	61	19	6	2	0	0	0	0	0	0	47816	99573470
moss_0.001_4x_20.hist	53691251	13585467	2173310	929303	515051	320804	262071	128758	125886	144013	167986	95539	36679	30436	37762	54643	86675	36113	5744	8026	15160	24818	84664	24772	1456	808	181	57	23261	41548	12309	3656	9528	1098	348	20	4	1	41296	4106	1367	559	296	110	17	4	1	0	0	35723	108510826
moss_0.0_4x_23.hist	51930736	9216735	1801888	762545	410133	250737	224573	200607	203147	103604	62817	70983	97126	53690	27782	24500	38861	51877	41902	22812	14796	5570	26457	51444	13572	7539	1701	546	23101	21452	6355	1887	753	2260	29325	1831	525	285	56	2	16201	7617	4042	1514	251	82	36	11	2	23461	102288301
moss_0.0_8x_23.hist	53510299	6882901	1577040	634046	325091	205076	225673	183372	141785	102365	102895	50744	59142	59992	31043	34739	55102	25581	16798	41349	30212	9440	14185	27581	18135	10074	3385	9026	20120	10059	5211	1547	3491	10473	14161	884	253	137	13521	2992	996	407	5817	9841	1639	545	243	80	25	16849	96619255
moss_0.001_1x_20.hist	54545322	10562869	1829826	784286	437572	273585	384179	188752	74320	62825	73283	82808	115128	69021	35715	11362	12721	16982	35751	88001	57081	17836	7728	2260	131	72	15	3	0	0	64575	38182	15271	1760	559	33	8	3	0	0	0	0	0	0	0	0	0	0	0	59157	105201977
moss_0.0_1x_25.hist	53510280	8128892	1852132	699211	401361	254752	320840	286601	201291	102657	49703	28489	39607	65397	81140	53972	31112	12962	9207	22663	42808	70083	36015	10537	618	342	76	23	6	2	0	0	85235	9831	3127	194	54	28	4	0	0	0	0	0	0	0	0	0	0	52892	103179132
moss_0.001_1x_MiSeqv3L250R.hist	55061572	11053777	2100777	885214	469966	284758	127686	101109	152727	174718	203803	100510	38587	21330	11036	15874	25179	33612	70762	82114	53262	16643	7211	2109	123	67	14	3	518	7259	86888	25816	10325	1190	377	22	5	1	0	0	0	0	0	0	0	0	0	0	0	63427	107742061
moss_0.01_2x_20.hist	66506027	8616853	1464158	620290	334666	205025	149196	73301	79470	90913	106046	85172	32699	18075	17360	25121	39846	53192	25151	13692	8880	2774	2016	3919	8373	26794	22911	7377	2458	1228	362	106	41	3	0	20808	10917	5954	1189	65	20	7	2	0	0	0	0	0	0	27031	103794049
moss_0.001_2x_23.hist	52688623	11028109	1921889	819056	449637	278480	222868	109497	114493	130979	152782	110967	42602	23549	23011	33297	52816	70507	35661	19414	12592	5275	25058	48723	2865	4318	10276	27402	20144	10071	2983	885	353	39	11	17968	24479	13351	2669	147	48	18	8	2	0	0	0	0	0	41078	108726230
moss_0.001_8x_novaseq_profR.hist	54503626	6481965	1484360	597439	306133	192950	198906	175368	140477	85688	99952	57632	38736	63959	44965	23746	37665	50281	11453	27940	18854	30866	18375	5375	7884	25230	5696	11293	9409	4703	6302	12604	7432	856	271	10924	6819	3718	742	6835	2277	932	1717	11112	1851	616	275	90	29	13626	99480949
moss_0.0_8x_novaseq_profR.hist	52890284	6731492	1542413	621816	317484	200377	243794	143258	171098	87259	79265	89569	44514	38726	48048	46555	31292	41774	13829	34041	28465	8894	27645	21936	3091	9892	21240	6839	2278	17562	9690	2878	2413	7239	16414	1024	293	159	13126	3228	1075	439	1926	12062	2009	668	298	98	31	15261	99527679
moss_0.01_8x_MiSeqv3L250R.hist	66366084	5786719	1260291	514220	253670	160469	207915	102151	100336	89603	45310	51199	58764	32483	25710	37204	35224	14675	9668	23799	17557	5485	8781	17074	10309	5726	1292	415	15824	7911	2343	695	5323	613	4173	10961	3150	1717	342	18	930	7574	4019	1506	250	82	35	10	2	12803	93098976
moss_0.01_4x_20.hist	67604125	7983647	1431256	603184	320383	194192	147963	132173	161707	82470	39929	33952	47203	77900	40310	12825	19305	25771	34119	18575	12047	3763	9332	18145	11816	6563	12233	3938	1311	654	4008	8016	19139	2206	701	42	11	5	0	15020	5068	2076	1101	411	67	21	8	1	0	16430	101236936
moss_0.001_4x_MiSeqv3L250R.hist	53297577	9894734	1798092	765237	418407	258502	198539	100706	152118	174022	112062	55265	31482	51981	64494	41762	24073	20276	42686	42092	27302	8530	7875	15312	32720	32834	7413	2386	794	396	7248	14495	31354	3616	1149	70	19	9	0	22176	7391	3028	1606	601	99	32	13	3	0	26535	96107496
moss_0.01_4x_MiSeqv3L250R.hist	65932663	7048254	1320681	556357	295151	178739	134522	120166	156546	79837	38654	38957	54162	65723	34009	11960	18970	25324	35463	19306	12522	3912	4705	9148	19548	15697	3543	1140	379	2812	17545	5212	2083	239	75	9798	2816	1535	306	7110	6069	2486	1318	493	81	26	10	2	0	16120	96770347
moss_0.0_2x_novaseq_profR.hist	49673542	11506647	1946437	833953	464799	290434	316653	155575	88084	100767	117541	132820	84068	46472	24046	16350	25933	34619	72882	44322	28748	8982	3891	7566	16166	36898	8330	22214	21765	10881	3223	956	381	43	12	2821	35010	19095	3818	211	69	27	13	4	0	0	0	0	0	41181	111796324
moss_0.001_8x_MiSeqv3L250R.hist	54695830	7115137	1579342	652897	326365	206531	283485	139279	122645	136936	66300	74918	55881	36076	44761	47645	27465	28722	43797	23844	15465	8533	40535	16898	2245	7183	17096	17706	5901	2949	6970	13939	5574	642	203	9438	11061	6032	1205	65	20	4121	11824	4433	737	244	108	35	10	16909	88263582
moss_0.0_2x_HiSeq2500L150R.hist	59859405	10659683	2315108	896205	504048	316544	443943	218115	85881	65865	76829	86816	120700	111364	57627	18334	11825	15785	33232	50158	32534	10165	15529	30195	48461	26922	6078	1956	651	324	95	27	8160	24480	52229	3263	937	510	101	4	0	0	0	0	0	0	0	0	0	53465	105698880
moss_0.0_2x_23.hist	51310914	10619867	1891794	808957	448378	279294	260194	127836	92295	105584	123160	139170	70956	39223	20296	23437	37175	49627	28525	63204	40996	12810	5550	1623	2461	7875	18741	49977	19666	9832	2912	864	344	38	11	1021	32004	17456	3490	192	63	24	12	3	0	0	0	0	0	43291	106771123
moss_0.001_4x_novaseq_profR.hist	53618586	7636912	1633649	680316	348268	216704	233523	208602	148211	75587	88169	94025	36097	35396	43916	63548	39191	16328	12921	31806	48279	15086	6536	12708	26540	14743	3328	1070	8651	27880	8259	2453	980	112	2700	18314	5264	2870	573	30	9	10234	9635	3612	601	199	88	28	8	19393	102219069
moss_0.001_1x_25.hist	53210651	10774873	1900896	810504	445585	276211	235041	115478	81652	93409	108958	123121	126724	70052	36249	11532	6647	5204	10955	26965	50933	83384	44311	12965	761	422	94	29	8	3	12946	25892	52340	6037	1919	118	33	17	2	0	0	0	0	0	0	0	0	0	0	58705	109800502
moss_0.01_1x_25.hist	63966246	9376293	1399144	599420	334002	208677	246103	120913	47608	53560	62475	70596	98149	58333	30184	9603	5535	5635	11863	29201	55158	32140	13926	4074	238	131	28	8	1	0	0	0	43994	14405	4582	285	81	43	7	0	0	0	0	0	0	0	0	0	0	37732	107855442
moss_0.001_1x_23.hist	57373000	7826927	1828512	671838	380837	242347	281990	251898	230048	117323	56804	29112	40474	66829	82917	58615	33789	14077	2238	4710	8896	14563	69177	74503	4381	2433	548	175	57	27	7	1	22699	42832	13627	850	243	131	25	0	0	0	0	0	0	0	0	0	0	51983	104449651
moss_0.0_4x_HiSeq2500L150R.hist	57031455	14741136	2503540	1063395	578142	355940	237822	132603	200298	229139	112997	55726	40977	67659	83946	73405	42314	17630	6183	15219	28747	47063	74659	21845	1284	712	159	50	13308	63752	18888	5611	2243	257	81	4	0	4156	46650	2590	862	352	186	68	10	2	0	0	0	42393	110562839
moss_0.001_4x_HiSeq2500L150R.hist	58244316	14342925	2426215	1028899	556769	341743	212713	130909	197739	226212	109526	54014	42494	70163	87054	32118	18514	24715	52031	50103	32498	10154	5097	9911	21179	67772	15302	4926	1641	819	2396	4791	44357	5116	1626	100	27	14	27411	7384	2460	1007	533	199	32	9	3	0	0	40149	110200171
moss_0.0_2x_20.hist	54235819	11114358	2004161	854278	469226	290711	248627	122153	101404	116005	135316	152906	79642	44025	22780	11170	17717	23651	49792	76095	49358	15423	6682	1954	3347	10711	25492	40716	13571	6784	2009	596	237	26	7	42475	12210	6659	1330	72	23	8	3	0	0	0	0	0	0	46705	105435345
moss_0.0_4x_novaseq_profR.hist	51960382	7833429	1669291	697763	361434	223710	231111	206447	174118	88799	63635	71907	90071	49790	25764	22130	35101	46859	44366	24154	15666	7439	35335	21223	7573	24234	11468	3692	1229	14185	21052	6254	2500	287	90	18627	5354	2919	582	31	6732	9619	5105	1913	317	104	46	14	3	23920	102130340
moss_0.01_2x_25.hist	65225005	7432015	1333565	563956	302681	184778	113313	75536	114098	130527	74519	36750	17700	29225	36260	52470	56482	23533	3742	2751	5196	8507	40408	15978	938	598	1422	3793	18743	9370	2775	823	328	36	10	5644	17452	9518	1902	104	33	12	5	1	0	0	0	0	0	24831	105218210
moss_0.001_4x_23.hist	53638386	8931101	1757818	743039	398282	242932	213231	190476	187450	95598	70150	79269	80553	44529	23041	32023	50794	67808	10786	9851	18608	30463	49242	14408	846	2528	6017	16045	26682	13340	3951	1173	468	53	27445	1714	491	267	52	12842	9689	3970	2106	788	130	42	18	5	0	25026	102330509
moss_0.01_4x_25.hist	65784563	6115549	1252947	520519	264390	163523	161082	143892	112201	57221	60856	68767	27523	45445	47165	15006	20471	27328	28553	15544	10082	3149	13508	26266	1544	926	2205	5879	15771	7884	2335	692	276	30	14840	5050	1450	790	157	7	6224	5319	2822	1057	175	57	24	7	1	13553	101710072
moss_0.001_1x_novaseq_profR.hist	52787857	10059698	1780503	761711	422756	263531	288883	141931	61811	70711	82481	93203	129579	80671	41744	13281	7655	8184	17229	42408	80104	49550	21470	6281	368	203	45	13	3	0	16866	33732	48236	5563	1769	109	30	15	2	0	0	0	0	0	0	0	0	0	0	54846	107467299
moss_0.001_1x_HiSeq2500L150R.hist	65896876	10702263	2501234	920974	467042	299022	250403	223681	337873	188760	91392	45071	20180	33319	41340	59820	94886	126670	20151	10970	7114	2222	962	680	1454	4652	11071	29522	84276	42137	12484	3708	1482	170	53	2	0	0	0	0	0	0	0	0	0	0	0	0	0	81951	117612504
moss_0.01_2x_HiSeq2500L150R.hist	68825500	9752921	1671154	689274	372237	228181	134392	120050	181337	106206	51421	25358	24499	40452	50189	72626	53914	22463	3572	1944	1771	2899	13772	26778	32760	18199	4108	1322	439	218	63	17	20	61	42362	2646	759	413	81	3	0	0	0	0	0	0	0	0	0	33506	105748739
moss_0.01_8x_23.hist	66460186	5485773	1238370	490723	249533	157059	149320	119916	116264	59293	57608	65096	39630	31167	38669	36164	20846	12542	26403	20345	13196	4122	9186	17862	7607	4225	6839	10060	3352	1675	4883	9765	6149	708	224	534	9986	5446	1088	59	3073	1258	667	4407	3226	1074	480	159	52	8129	98625010
moss_0.001_2x_25.hist	51322691	11797716	1949535	834778	464466	289953	301116	147942	80500	92091	107420	121384	101037	55852	28901	14714	23339	31156	65592	35710	23162	7237	20094	39070	6561	3644	8052	21473	30893	15445	4575	1358	542	61	18	0	21201	28365	5672	314	103	41	21	6	0	0	0	0	0	39430	112488257
moss_0.0_8x_HiSeq2500L150R.hist	55841900	22638905	4389155	1665658	938079	589562	501639	246461	202267	231393	194924	96131	52483	86657	107519	81240	46831	19512	39040	41512	26926	44081	41349	12098	5192	16616	39545	46620	15539	7768	2300	682	14328	42985	24915	1556	446	242	47	3705	32937	13497	7163	2685	446	147	65	20	5	34769	100877997
moss_0.01_8x_HiSeq2500L150R.hist	67642887	6649203	1390995	570578	277841	175569	225131	110609	86139	98542	65370	34129	47449	57541	29774	17529	27804	37117	6480	15950	25469	7958	4325	8409	17968	10400	2347	754	1220	17079	7687	2283	912	104	32	13272	6298	3434	685	37	11	3	0	0	0	0	0	0	1	0	74576179
moss_0.01_2x_17.hist	72506994	12105343	2211821	864011	440306	279478	270488	241623	180273	91938	44513	23554	32747	54069	67085	62917	36269	15111	2795	6879	12993	21270	71313	20866	1226	680	152	48	15	6	0	0	12521	37562	15888	992	284	154	29	0	0	0	0	0	0	0	0	0	0	39139	114265638
moss_0.001_4x_30.hist	53861792	7101900	1547029	644857	331081	205957	235531	210396	106222	95119	110953	54718	35575	58739	53951	23118	36669	48951	16777	14560	27502	41107	17812	5211	2755	8816	20982	21012	7003	3500	1036	306	23233	7408	2356	146	41	6043	14481	803	266	108	9977	3740	622	206	91	29	8	20443	103642558
moss_0.01_2x_30.hist	65348354	6681223	1260266	532681	285442	174072	110904	65943	99607	113949	97607	48136	18480	24344	30204	43706	60348	25144	3999	2176	3733	6111	29026	35133	2065	1146	257	82	375	5253	22446	6668	2666	306	96	5	0	8564	15458	857	284	115	60	21	2	0	0	0	0	21802	105537929
moss_0.001_8x_30.hist	54680921	6219282	1438201	573103	296457	186409	211558	188780	106038	121307	66420	75054	49550	42187	52342	35864	27957	37321	32770	17840	23241	25910	11227	10154	21696	15237	3439	8682	13584	6791	5234	10468	8922	1028	326	11367	3267	1781	8213	5061	1686	689	365	11383	2337	778	347	114	37	14630	102046364
moss_0.01_4x_30.hist	65846294	5823965	1227842	508049	254726	158926	175017	156340	87291	54308	63347	71582	41272	24491	30386	43970	27964	11650	19293	24401	15826	4944	4367	8491	18144	11420	7718	2484	827	412	6042	12084	8753	1008	319	18	4	10868	2172	119	2724	5610	2976	1115	184	60	26	7	1	14366	103521339
moss_0.001_4x_17.hist	65949429	13407695	3048714	1114697	635901	402360	446833	352450	138776	80531	93936	106146	146581	81029	41929	13340	17640	23549	49576	72384	46951	14671	6356	2212	4726	15124	35995	54946	18314	9156	2711	804	320	36	10	0	31588	30483	6095	337	111	44	22	7	0	0	0	0	0	47715	116723163
moss_0.001_1x_30.hist	51960398	10238498	1780454	762637	424715	265273	350408	172159	67786	46083	53753	60740	84447	139435	89764	28560	16463	6858	2976	7325	13836	22651	98883	28933	1700	943	212	67	21	9	1	0	81967	9549	3037	188	53	28	4	0	0	0	0	0	0	0	0	0	0	52873	108344139
moss_0.001_2x_17.hist	64568314	11583547	2353997	973775	487832	302817	254615	227443	305340	155722	75396	37182	29164	48153	59745	86454	65176	27155	4319	8331	15736	25762	99015	28972	1703	945	212	67	21	9	1531	3062	93612	10798	3434	213	60	31	5	0	0	0	0	0	0	0	0	0	0	56566	109285914
moss_0.0_1x_30.hist	50435216	9760407	1743454	747520	417467	261160	356196	175003	68906	62437	72831	82298	114418	101277	52407	16674	9611	5265	11083	27281	51531	70081	30367	8885	2168	6937	16510	5315	1770	884	261	76	21953	45521	14483	904	258	140	27	0	0	0	0	0	0	0	0	0	0	54616	106325274
moss_0.001_2x_30.hist	50878609	11509177	1898414	813684	453974	283840	321120	157770	80402	91979	107290	121237	88495	48919	25313	14500	23000	30703	64638	55022	35689	11151	4831	2507	5357	17142	40797	32602	10866	5432	1608	476	189	20	5	0	31308	23276	4654	257	84	33	16	5	0	0	0	0	0	38277	115467692
moss_0.0_2x_30.hist	49422599	11079201	1884424	808114	451528	282540	361326	177524	70178	80282	93646	105819	111420	61592	31871	13147	20853	27838	58605	46251	29999	9373	6298	12245	26166	49974	11283	3632	1209	15905	12833	3812	1523	174	54	2	19679	30433	6085	337	111	44	22	7	0	0	0	0	0	40922	113277225
moss_0.0_2x_17.hist	64894361	10980985	2520714	932280	533170	337783	410809	366970	212598	108424	52495	27159	37758	62344	77352	111932	80007	33335	5302	2885	3281	5371	25511	49604	56712	31505	7113	2289	762	380	111	32	6026	18078	62205	3886	1116	607	120	5	0	0	0	0	0	0	0	0	0	59747	109245150
moss_0.01_1x_17.hist	67819319	10633141	1553971	667283	374213	234644	392112	224039	88214	44988	21781	13830	19227	31746	39387	56995	90405	56569	8998	4898	3176	991	428	405	864	2765	6581	17549	43420	21709	6431	1909	762	87	26	0	0	0	0	0	0	0	0	0	0	0	0	0	0	48731	109220643
moss_0.001_1x_17.hist	62395855	7817649	1823440	669628	383921	244469	277360	247762	286636	146183	70777	34904	13400	19478	24166	34969	55468	74048	54799	29834	19351	6046	2619	765	44	23	4	0	61196	50374	14924	4433	1772	203	63	2	0	0	0	0	0	0	0	0	0	0	0	0	0	62432	100880900
moss_0.0_8x_17.hist	62677604	24967830	4748863	1800904	1012312	635559	559695	274985	178095	203740	237656	117206	49392	81553	101186	94726	54605	22751	16665	41020	77482	24212	10491	14703	31418	47524	10730	3454	4002	56033	31010	9213	3684	424	133	7	27443	44369	8872	491	162	65	33	11	0	29309	13137	4378	1458	7703	112081932
moss_0.0_4x_30.hist	52016805	7635544	1633729	683853	355782	220188	233062	208190	161036	82127	74327	83989	81548	45079	24901	28090	44556	59480	9461	17007	32123	40870	17709	5181	3533	11306	26909	19483	6493	3245	960	284	12383	22164	7051	439	125	67	12	4713	15781	6466	3431	1285	213	70	30	9	2	23324	104895954
moss_0.01_4x_17.hist	71951003	12126077	2174865	846958	468588	291566	217942	107077	89269	102123	119123	84416	32408	21267	26386	38182	60563	56625	9007	4903	5441	8906	42307	25194	1481	821	184	58	16186	28009	8298	2464	984	112	34	1	0	15525	17231	956	317	129	67	24	3	0	0	0	0	26168	113428947
moss_0.0_1x_17.hist	68785054	16613899	3877961	1418668	673052	433334	181326	161975	244665	279896	326491	314005	120554	66641	34484	10971	6323	2633	418	602	1136	1860	8834	17176	36702	117448	129621	41741	13912	6955	2059	611	243	27	7	0	0	0	0	0	0	0	0	0	0	0	0	0	0	126622	139300997
moss_0.01_1x_30.hist	64094940	8144174	1285676	551119	307595	192356	265022	130208	51268	40386	47108	53231	74007	86518	44769	14243	8210	3419	5809	14298	27007	44214	24747	7240	424	235	52	15	4	1	0	0	38106	14890	4736	295	83	44	7	0	0	0	0	0	0	0	0	0	0	33506	105195568
moss_0.001_8x_17.hist	62860195	24960740	4729846	1782110	1003849	630965	566642	278399	161771	185065	215872	154136	59176	57456	71287	103155	71019	29590	9027	22219	41969	68709	37134	10865	2884	9228	21962	58564	19520	9759	2890	857	34815	22241	7075	441	125	67	37270	11843	3946	1616	857	320	52	16	18989	21272	7089	4252	112278117
moss_0.0_8x_30.hist	53009602	6348485	1470249	585095	305237	191422	208941	186644	139071	88433	103154	56497	48842	59581	30830	33835	53668	22361	29358	33705	21861	7605	36123	12646	3438	11003	26186	8431	2809	2287	20299	6030	2411	1256	16646	1039	297	5486	11850	657	218	88	3747	12213	2034	677	302	99	32	14224	101781807
moss_0.01_8x_17.hist	69221742	20642622	2780954	1175567	630161	384391	186353	166466	251449	128238	62089	50663	70436	85169	44071	18117	28737	38362	44658	24312	15769	9470	42440	12417	3291	10530	25062	16338	5445	2721	805	238	24079	13670	4348	270	76	40	6181	13345	4447	1821	966	361	59	18	10130	8079	2692	1614	105659600
moss_0.0_4x_17.hist	65338240	13221863	3031831	1109487	633285	400809	458889	383893	151157	77089	89921	101610	141268	92470	47849	15223	18786	25078	52796	72023	46717	14598	6324	2632	5625	17999	42837	48316	16104	8051	2384	707	282	31	9	21003	34198	18652	3729	206	67	26	13	3	0	0	0	0	0	48986	116279356
moss_0.01_8x_30.hist	66535079	5274127	1203600	474631	242796	152736	147990	132196	100166	63834	74460	43785	40358	50136	25943	33898	19540	21399	23878	12999	9795	16036	14406	4214	4453	14248	5475	1762	11155	6374	1887	559	5053	11090	3527	219	62	2528	10127	561	186	75	1228	7428	1237	411	183	60	19	9472	102769854
moss_0.06_1x_20.hist	96611766	1194989	240686	99250	49203	29014	9642	5825	8799	10065	11739	13264	7985	4413	2282	725	417	347	730	1796	3391	5551	5352	1565	91	49	10	2	0	0	0	0	2058	6175	1964	121	34	17	2	0	0	0	0	0	0	0	0	0	0	2125	101289906
moss_0.06_2x_25.hist	96566884	1373613	270212	108271	48421	30739	21357	19077	19426	9906	4795	2479	3446	5688	7057	5375	3097	1289	279	686	1295	2120	6348	1856	108	59	12	2	433	6062	1795	532	211	23	6	0	0	0	1559	1782	593	242	127	46	6	1	0	0	0	1086	102529015
moss_0.06_1x_25.hist	95810218	1202187	212533	89675	47806	29050	26983	13256	5218	3033	3537	3995	5554	9170	9875	3141	1809	753	118	279	526	860	4085	7942	1302	722	162	51	16	7	1	0	0	0	5534	1853	531	289	56	2	0	0	0	0	0	0	0	0	0	2048	100833945
moss_0.06_4x_30.hist	96850834	1434307	289164	108330	55104	33801	24176	21077	9103	10413	8237	4061	4639	7017	3630	1783	2827	3773	2466	1341	1424	2330	3744	1094	166	532	1265	3373	1123	560	165	48	1006	2737	869	53	14	6	0	1455	860	351	185	68	10	2	414	456	151	89	103514366
moss_0.06_2x_30.hist	97030114	1349193	283026	107575	50356	31953	26453	23625	9301	6505	7588	8573	5394	2981	2018	2919	4629	6179	1990	1082	701	218	612	1189	2541	5557	1253	402	133	65	120	240	4329	498	157	8	1	0	356	2056	684	279	147	54	8	1	0	0	0	1032	103245379
moss_0.06_2x_20.hist	98073999	1530726	338417	119532	64563	40805	33343	29784	11726	5979	2929	3309	4599	7594	9421	2996	1726	718	292	718	1356	2219	7012	2050	119	65	13	3	285	3998	3553	1054	420	47	14	0	0	0	0	1608	1507	616	326	121	19	5	1	0	0	918	103796033
moss_0.06_2x_23.hist	97353336	1454564	317530	113110	62116	39071	38486	20310	7996	4833	5637	6368	8853	6622	3426	1089	1023	1365	2873	5051	3275	1022	442	641	1368	4379	987	317	104	51	1082	2163	3142	361	114	6	0	0	0	375	1757	719	380	141	22	6	1	0	0	683	103420644
moss_0.06_1x_30.hist	96782089	1285055	276191	100743	56386	35317	41825	20548	8089	4124	3342	3775	5248	8665	8466	2692	1551	645	196	483	912	1492	7088	6045	354	196	43	12	3	0	1603	3206	1281	146	45	1	0	0	3355	235	77	30	15	4	0	0	0	0	0	1597	102023712
moss_0.06_1x_23.hist	96507680	1182296	231882	96223	48699	28628	10165	5125	7740	8854	10327	11669	9474	5236	2708	860	495	287	604	1486	2806	4594	7780	2275	132	72	15	3	0	0	0	0	1430	4290	2623	162	45	24	3	0	0	0	0	0	0	0	0	0	0	2617	101433360
moss_0.06_8x_20.hist	96721645	1615518	290337	113318	53660	33824	31830	15637	9471	10833	9893	4878	3178	5246	4816	2085	3306	4413	701	1433	2706	2852	1234	530	1132	3623	817	262	209	2934	1722	510	203	22	6	1762	1109	604	119	5	0	552	906	338	65	20	8	1	569	340	102655045
moss_0.06_8x_30.hist	96798022	1510811	286624	109458	53416	33486	19770	17488	14299	7966	9291	4769	3346	5524	5205	1715	2720	3630	2397	1304	2462	2190	948	1243	2656	1474	400	1066	2200	1099	324	95	2107	1282	407	24	6	363	1788	98	31	12	184	899	148	48	20	26	438	262	103621248
moss_0.06_4x_20.hist	97780103	1743291	301120	114659	60364	36352	16000	14292	21587	11008	5329	2853	3966	6548	7222	2297	1323	1486	3128	3323	2154	706	3353	1673	97	269	640	1705	3999	1998	591	174	68	6	1	71	2536	1382	275	14	3	0	0	1058	535	177	78	25	7	597	103471940
moss_0.06_4x_23.hist	96912408	1727821	273059	111070	52522	32498	23954	21397	13221	6741	6123	6918	8052	4450	2301	2015	3195	4264	3419	1860	1205	375	1696	3297	2573	1428	321	102	161	2256	2893	858	342	38	11	0	279	2899	578	31	9	2	0	866	143	46	19	5	0	1187	103520229
moss_0.06_4x_25.hist	96825828	1472343	284132	109203	52300	33007	32888	16802	8032	9188	10717	6749	2590	3173	3936	5694	3281	1366	1454	3579	2820	880	606	1177	2515	3378	761	244	80	288	3766	1118	446	50	15	0	94	2822	563	30	9	2	0	0	1086	361	160	52	16	264	103188089
moss_0.06_8x_23.hist	96702140	1470462	294211	110319	55954	34411	26594	18997	9675	11068	7143	7456	2861	4110	5099	2865	2890	3857	821	2020	3702	1156	616	1198	2560	2508	565	181	1710	1732	512	151	2609	300	94	4	82	2286	456	24	7	346	368	137	611	202	89	28	8	498	102903227
moss_0.06_8x_25.hist	96763006	1471388	291703	109740	55188	34064	27627	13572	14655	8133	8775	7211	2953	4875	5572	1772	2628	3507	2402	1306	2467	2026	877	1171	2502	1389	547	1458	1958	978	288	84	2648	304	95	4	1476	1022	203	10	2	478	985	368	60	19	7	1	0	952	103217247
