sample	rotifer_0.06_1x_20	rotifer_0.06_1x_23	rotifer_0.06_1x_25	rotifer_0.06_1x_30	rotifer_0.06_2x_20	rotifer_0.06_2x_23	rotifer_0.06_2x_25	rotifer_0.06_2x_30	rotifer_0.06_4x_20	rotifer_0.06_4x_23	rotifer_0.06_4x_25	rotifer_0.06_4x_30	rotifer_0.06_8x_20	rotifer_0.06_8x_23	rotifer_0.06_8x_25	rotifer_0.06_8x_30	rotifer_0.0_1x_17	rotifer_0.0_1x_20	rotifer_0.0_1x_23	rotifer_0.0_1x_25	rotifer_0.0_1x_30	rotifer_0.0_2x_17	rotifer_0.0_2x_20	rotifer_0.0_2x_23	rotifer_0.0_2x_25	rotifer_0.0_2x_30	rotifer_0.0_4x_17	rotifer_0.0_4x_20	rotifer_0.0_4x_23	rotifer_0.0_4x_25	rotifer_0.0_4x_30	rotifer_0.0_8x_17	rotifer_0.0_8x_20	rotifer_0.0_8x_23	rotifer_0.0_8x_25	rotifer_0.0_8x_30
rotifer_0.06_1x_20	0.0	0.0	0.0	0.0	0.0	0.0	0.0	0.0	0.0	0.0	0.0	0.0	0.0	0.0	0.0	0.0	0.05849339834774496	0.05906624747956652	0.06048000135593282	0.05904834544564753	0.06036995916100372	0.0596148404897564	0.06017476720304135	0.06065618157851723	0.060842533080109576	0.06096385985559819	0.05972721383669458	0.061203503949445716	0.061555864260384	0.061515721022436784	0.06174445177687166	0.05958429981916384	0.06027609842680573	0.060983611676117995	0.06139889734961216	0.0618309767694025
rotifer_0.06_1x_23	0.0	0.0	0.0	0.0	0.0	0.0	0.0	0.0	0.0	0.0	0.0	0.0	0.0	0.0	0.0	0.0	0.05782840201163529	0.05849741405783696	0.05935079125514647	0.05960994502236695	0.0600103411566809	0.05943967425968438	0.059811431886388766	0.06038264242774882	0.06023255574569732	0.0611432499669663	0.05987205282352429	0.061081650989390064	0.06116710438926679	0.061266001671270914	0.06152835830547211	0.05891850544771377	0.06009954710746879	0.06083072810937783	0.06111852953827873	0.06133518748758874
rotifer_0.06_1x_25	0.0	0.0	0.0	0.0	0.0	0.0	0.0	0.0	0.0	0.0	0.0	0.0	0.0	0.0	0.0	0.0	0.05831704744685694	0.05820303607706336	0.059859796236835405	0.05937952073040513	0.05988307901287738	0.05921858640866087	0.06002479011607234	0.06069730679100774	0.06037615047447094	0.06083785058548454	0.06018845955388231	0.06094132227331697	0.061149440333625314	0.06115476367783471	0.06116232988438425	0.05938459186652831	0.06039161453255576	0.0610230625536257	0.06100457724920292	0.0613766577484909
rotifer_0.06_1x_30	0.0	0.0	0.0	0.0	0.0	0.0	0.0	0.0	0.0	0.0	0.0	0.0	0.0	0.0	0.0	0.0	0.05806596920146061	0.05861702785782154	0.05927730607106992	0.059404960507607046	0.05991192237995631	0.05934689673476694	0.05976313784577981	0.060235193917848005	0.06054700711633639	0.06095849268430544	0.059619345458149134	0.060677652988839904	0.061304385597979225	0.06136463154742819	0.061445425444584464	0.059281314225021135	0.060321565546439804	0.06104574341003981	0.06113199650669988	0.06157796660206702
rotifer_0.06_2x_20	0.0	0.0	0.0	0.0	0.0	0.0	0.0	0.0	0.0	0.0	0.0	0.0	0.0	0.0	0.0	0.0	0.058451274879348154	0.05881520154257541	0.06056752428742335	0.058894309343616474	0.06028890388761968	0.05905224636734195	0.05999140312026914	0.060525450235937556	0.060646487439206795	0.06125642178297303	0.05934575482577734	0.061253685126985334	0.06123827511999421	0.061305085275512976	0.06167574089102767	0.059590468591958004	0.06008222711787844	0.06080584204803052	0.06121659199500284	0.06167641317758866
rotifer_0.06_2x_23	0.0	0.0	0.0	0.0	0.0	0.0	0.0	0.0	0.0	0.0	0.0	0.0	0.0	0.0	0.0	0.0	0.05791594646879512	0.05848713887354138	0.05938013066872821	0.05862301380152379	0.059881595322212794	0.05867874878860262	0.05949509391258763	0.05972029750982584	0.06014139939338368	0.0607117321781269	0.05946492982654017	0.06084642176518683	0.06092767282895292	0.06084375932439909	0.06127609850836359	0.05934174097631081	0.06004242963979914	0.06058997133062426	0.06096511126125098	0.06127992331467174
rotifer_0.06_2x_25	0.0	0.0	0.0	0.0	0.0	0.0	0.0	0.0	0.0	0.0	0.0	0.0	0.0	0.0	0.0	0.0	0.05768242935246327	0.05837477331579733	0.05917326190308858	0.05878084771913809	0.05939462076153002	0.05889641442556658	0.05978477516013022	0.059790867439336065	0.06014567881749904	0.06058685857370718	0.05958498671798604	0.06062467385657239	0.06088457346712792	0.06076329764071593	0.061251699140508126	0.05904730275892841	0.05974467316031596	0.06044576732031039	0.060907976125899856	0.061222836124488034
rotifer_0.06_2x_30	0.0	0.0	0.0	0.0	0.0	0.0	0.0	0.0	0.0	0.0	0.0	0.0	0.0	0.0	0.0	0.0	0.0571764446934029	0.05740453162661457	0.058743593172555904	0.05841164533928063	0.059046584237997836	0.0585245128542957	0.0593011208434778	0.05946098471125132	0.05974501930159863	0.060020851143304764	0.05930983770254887	0.060261976096589474	0.06042019763526469	0.060612165033735656	0.06084246647553091	0.05883287518146591	0.059785398145534005	0.060320138627747134	0.06059139422172828	0.06086857925859528
rotifer_0.06_4x_20	0.0	0.0	0.0	0.0	0.0	0.0	0.0	0.0	0.0	0.0	0.0	0.0	0.0	0.0	0.0	0.0	0.05764335696555977	0.05797930294892029	0.059014777073397084	0.05828824800040974	0.05958134528964595	0.058923528876851164	0.05945656578960831	0.05940155925890431	0.05989038171134932	0.060104394725648644	0.05832198402658953	0.05977965409276099	0.06048220207222091	0.06055146917310516	0.060909553704156724	0.058778741211653086	0.0590510508587804	0.0596329293357279	0.06013395659973216	0.06088639431330669
rotifer_0.06_4x_23	0.0	0.0	0.0	0.0	0.0	0.0	0.0	0.0	0.0	0.0	0.0	0.0	0.0	0.0	0.0	0.0	0.057078805889516165	0.05731889490727163	0.05850639526899974	0.05759228163674732	0.05901200358003644	0.05803325871231355	0.05886919167099899	0.058932140744407634	0.05918152898438238	0.05968571000900177	0.05823417181854836	0.05968997929120946	0.060008451374311864	0.059772129528427434	0.060462596475197604	0.05799831889773249	0.05860435403022843	0.059363349386392546	0.0599165218852904	0.06035070828011182
rotifer_0.06_4x_25	0.0	0.0	0.0	0.0	0.0	0.0	0.0	0.0	0.0	0.0	0.0	0.0	0.0	0.0	0.0	0.0	0.05724476633226938	0.05762786922293414	0.05871518565025808	0.05787472645911303	0.059177872669076814	0.05801180870379644	0.05886303253797427	0.05907903825862378	0.05919624913937285	0.0598381848691047	0.05845228109353635	0.05985214429497842	0.059955717154620086	0.06012779830855071	0.06038128268062543	0.05795094860924689	0.058582370161264774	0.059635876910704835	0.05992206759392493	0.06042320103993255
rotifer_0.06_4x_30	0.0	0.0	0.0	0.0	0.0	0.0	0.0	0.0	0.0	0.0	0.0	0.0	0.0	0.0	0.0	0.0	0.0566059492140324	0.05697104532328543	0.05831333920009381	0.05752108930848748	0.0583946326719334	0.05770205574331874	0.05822488435367289	0.05861793194624566	0.05886029277630503	0.05926746501874355	0.05796543636498906	0.05925072039151223	0.05959888176706012	0.05950159413706863	0.059919696891972116	0.05767128303772686	0.0582577396515913	0.05907984288478702	0.059359364600387834	0.05981597710084411
rotifer_0.06_8x_20	0.0	0.0	0.0	0.0	0.0	0.0	0.0	0.0	0.0	0.0	0.0	0.0	0.0	0.0	0.0	0.0	0.05664775683417224	0.057353819108688066	0.05868308173655284	0.05777326514020451	0.05952763610620817	0.057394100671118976	0.0583847025625737	0.058593616591425514	0.059307100933029926	0.05950291397386208	0.05777831669516369	0.05908100269987046	0.05938166446686005	0.059323502574739145	0.06011268167408081	0.057982156781794886	0.0579330091610066	0.058683986396042644	0.059055544779669275	0.059973155183651566
rotifer_0.06_8x_23	0.0	0.0	0.0	0.0	0.0	0.0	0.0	0.0	0.0	0.0	0.0	0.0	0.0	0.0	0.0	0.0	0.05742470900565118	0.057764951237983114	0.05852094555630974	0.05769224954189206	0.0591349584607236	0.058120370803313136	0.05882890326609238	0.05895206143683148	0.05943816313200825	0.059892816598089385	0.05744557910100762	0.05912852598699491	0.06004998899283094	0.05993654005283819	0.060561341104097687	0.057987013828920214	0.0582521211631582	0.05883096531259057	0.05958279252936901	0.06034693170521003
rotifer_0.06_8x_25	0.0	0.0	0.0	0.0	0.0	0.0	0.0	0.0	0.0	0.0	0.0	0.0	0.0	0.0	0.0	0.0	0.05702468820344352	0.05706135320391879	0.0579873769120683	0.05710183662889172	0.05864177193840082	0.05774118130829672	0.05837282884579952	0.05836565956989014	0.05901124527321718	0.059510162673975714	0.05748356694635613	0.05906776224908786	0.059674630086632735	0.059497971555768026	0.059823041780134624	0.05737877834573032	0.05800150292862071	0.058662957804623446	0.05938765233887114	0.0599443564488129
rotifer_0.06_8x_30	0.0	0.0	0.0	0.0	0.0	0.0	0.0	0.0	0.0	0.0	0.0	0.0	0.0	0.0	0.0	0.0	0.05659032831722329	0.0568468650027119	0.05803174368345673	0.05709545811730631	0.05838849650248868	0.05717001414140482	0.058090666570356456	0.0582303044238109	0.058511383759190745	0.059025223197617604	0.05753817067027716	0.059069170493047905	0.05919071881050408	0.05927282339237566	0.05954057147280178	0.05704609964081339	0.05784161228801256	0.05873355076903482	0.05917793989001586	0.05961817287803524
rotifer_0.0_1x_17	0.05958794393009433	0.05957354728806277	0.06033258429800863	0.060381663838759134	0.060772503099875634	0.06085093288857272	0.06086916788836334	0.060551106068369207	0.06045088392956397	0.06030583890930648	0.06070053133261257	0.06035589964155734	0.0588807810148305	0.06035450715289073	0.06033209478917829	0.06048291991278182	0.0	0.0	0.0007353274377265841	0.0	0.00042543843705428777	0.0	0.0004605180003141072	0.0	0.0	0.00045428406241109886	0.0	0.0	0.0005368713151420117	0.0005453466009914215	0.0004956338462393273	0.0	0.0	0.0	0.0	0.0004168196617684706
rotifer_0.0_1x_20	0.05899647816696164	0.059082305776825945	0.05903745564785616	0.05975765895549133	0.05998190094289298	0.06027249430118937	0.06041319166632269	0.05961941954153799	0.05966850960915147	0.05942568321596951	0.05995737599259359	0.059591030143298786	0.05850129111168186	0.05958855671872531	0.05925093157080883	0.0596070692921368	0.0	0.0	0.0	0.0	0.0	0.0	0.0	0.0	0.0	0.0	0.00042678421523064216	0.0	0.0	0.0	0.0	0.0004903991114728389	0.0	0.0	0.0	0.0
rotifer_0.0_1x_23	0.05979116851757881	0.05932904745426075	0.06009314202576331	0.059809155052563005	0.06113609965931997	0.06056938867535779	0.06061488317047982	0.060380748712653906	0.0601219433698046	0.06004330848622387	0.06047064991536401	0.060370655129784595	0.059246614084245496	0.059765209505965394	0.0596081044701989	0.06022854601245336	0.000709530811400874	0.0	0.0	0.0	0.0	0.0006852131342515612	0.0	0.0	0.0	0.0	0.0005234682964122863	0.0	0.0	0.0	0.0	0.0003800017812159885	0.00041638422014329075	0.0	0.0	0.0
rotifer_0.0_1x_25	0.058146026683535204	0.05935775702940243	0.05938086903556387	0.05970607098190255	0.05922549785722527	0.0595727065924509	0.05998512840205225	0.0598116040122604	0.05916255648976214	0.05888969935427475	0.05938742901489233	0.05933178563870778	0.05811076692817619	0.058704069971606106	0.058485120937544634	0.059041405539180136	0.0	0.0	0.0	0.0	0.0	0.00035246403441731755	0.0	0.0	0.0	0.0	0.0	0.0	0.0	0.0	0.0	0.0	0.0	0.0	0.0	0.0
rotifer_0.0_1x_30	0.059172526182219624	0.05947832136163373	0.059605729380088124	0.05993518011381484	0.06034200779596067	0.06056509442224967	0.06032887330592246	0.06017902423243619	0.06018909336057765	0.060055499174380196	0.060437712231380405	0.0599502588193929	0.05958392075640546	0.05988618559450999	0.05977660748159025	0.060091409637597605	0.0004061276650364526	0.0	0.0	0.0	0.0	0.0	0.0	0.0	0.0	0.0	0.0	0.0	0.0	0.0	0.0	0.000562402802827093	0.0005180519183126619	0.0	0.0	0.0
rotifer_0.0_2x_17	0.059492000635301245	0.05998323533374342	0.0600190769582425	0.060459250807724504	0.06017525868305111	0.06043414413630611	0.06092284484079026	0.06075403328397629	0.06060211433450426	0.06013598755393811	0.060335851554437214	0.06034231608961474	0.058524786084495274	0.05992799166751441	0.05993041077461786	0.05994226444825211	0.0	0.0	0.0006924616961633721	0.0003579166734684707	0.0	0.0	0.0	0.0	0.0	0.0	0.0	0.0004957857873528386	0.00046980881974259206	0.0	0.0	0.0	0.0005277752508187436	0.0006339904796747221	0.0004471985952927951	0.0
rotifer_0.0_2x_20	0.05903853187322758	0.0593312147994754	0.059797359696380614	0.05983678272056565	0.06009560526883808	0.06022677809347886	0.060778537392851016	0.06049464462724264	0.06012344934438631	0.05996804129089409	0.060177569325718334	0.05984045133425654	0.05852862966760663	0.059640875916420706	0.059562959763982806	0.05985413421587786	0.0004401861153034331	0.0	0.0	0.0	0.0	0.0	0.0	0.0	0.0	0.0	0.0	0.0	0.0	0.0	0.0	0.0	0.0	0.0	0.0	0.0
rotifer_0.0_2x_23	0.0589601810801698	0.059341911011033026	0.05990559340262116	0.059745774358351315	0.060065179353531714	0.05988946582745823	0.060215282600142396	0.06008644276269583	0.059510550520932806	0.05947463179314405	0.05983553942809944	0.05967728323478711	0.058182818787720796	0.059211534928942954	0.05900376468942824	0.059434026036061835	0.0	0.0	0.0	0.0	0.0	0.0	0.0	0.0	0.0	0.0	0.0	0.0	0.0	0.0	0.0	0.0	0.0	0.0	0.0	0.0
rotifer_0.0_2x_25	0.058919298253293825	0.05897062069287823	0.059362765502131876	0.05983005794103727	0.05995786851741324	0.06008444571473472	0.0603439913869429	0.06014488463456503	0.05977293749135111	0.05950145810185149	0.05972894663321205	0.05969720862112234	0.05866167768765243	0.059473373064836674	0.05943029455299301	0.0594944276197626	0.0	0.0	0.0	0.0	0.0	0.0	0.0	0.0	0.0	0.0	0.0	0.0	0.0	0.0	0.0	0.0	0.0	0.0	0.0	0.0
rotifer_0.0_2x_30	0.05875445317451607	0.05958265579208078	0.05953483173518942	0.05995262482169532	0.06027186742504039	0.060366241018097386	0.060497988214453416	0.06013512258049221	0.05969956056349219	0.05972274246594044	0.06008924591506895	0.0598239528595989	0.05856454071617186	0.059641051745600665	0.05964754182511028	0.059730465016725166	0.0004244595583019312	0.0	0.0	0.0	0.0	0.0	0.0	0.0	0.0	0.0	0.0	0.0	0.0	0.0	0.0	0.0	0.0	0.0	0.0	0.0
rotifer_0.0_4x_17	0.05912310335278625	0.05993005661062896	0.0605095526997438	0.06024577419420291	0.05996323500908926	0.06073426042654759	0.06112860345901232	0.06106605342218368	0.05948479128439663	0.05984476258363296	0.060294855999410486	0.06012781821235577	0.058418464196746525	0.05874222872509249	0.05917309578290216	0.05984203513138939	0.0	0.00042091240308664193	0.0005225215698937677	0.0	0.0	0.0	0.0	0.0	0.0	0.0	0.0	0.0	0.0	0.0	0.0	0.0	0.0	0.0	0.0	0.0
rotifer_0.0_4x_20	0.05972644843948951	0.06025768105613766	0.06037198236969581	0.06041093459099952	0.061000688429937285	0.06123223347929439	0.06127133424145143	0.061114591983573614	0.06009121594493245	0.06044203069251726	0.06082571521633728	0.0605343111759544	0.058878117294353716	0.05958856391752439	0.05991247934409109	0.06050311009758662	0.0	0.0	0.0	0.0	0.0	0.00048098303834425614	0.0	0.0	0.0	0.0	0.0	0.0	0.0	0.0	0.0	0.0	0.0	0.0	0.0	0.0
rotifer_0.0_4x_23	0.059506431989334224	0.05977017893157613	0.06000288873310097	0.06045462898808081	0.060409216947559026	0.060730752667357786	0.06094522561422286	0.06068418862407929	0.06022485719680553	0.06018947785726818	0.06035144153364333	0.060302973359379904	0.058612499174973215	0.05994670343696609	0.059955323007187464	0.060042069999548496	0.0005035153409339344	0.0	0.0	0.0	0.0	0.0004504766686518335	0.0	0.0	0.0	0.0	0.0	0.0	0.0	0.0	0.0	0.0	0.0	0.0	0.0	0.0
rotifer_0.0_4x_25	0.05920766208980514	0.05960729898931114	0.05974716525531301	0.06025094153332145	0.06021225216848947	0.060383513905661365	0.060558785803894295	0.06061143130849889	0.06003228898125743	0.0596932255940437	0.06026255968404601	0.059942048613352464	0.05829354312418506	0.05957415492582926	0.0595198852425095	0.05986275994338229	0.0005086473797301605	0.0	0.0	0.0	0.0	0.0	0.0	0.0	0.0	0.0	0.0	0.0	0.0	0.0	0.0	0.0	0.0	0.0	0.0	0.0
rotifer_0.0_4x_30	0.059074860718451805	0.05951102588137741	0.059402391066450226	0.05997604642686711	0.06021837456388897	0.06045670337594412	0.060688657979272906	0.06048482766342875	0.06003005456469293	0.06002914265069987	0.060162748725559156	0.06000940389271403	0.05870548988335392	0.059838888981655534	0.059494522171196565	0.05978051011039348	0.00045861088253661505	0.0	0.0	0.0	0.0	0.0	0.0	0.0	0.0	0.0	0.0	0.0	0.0	0.0	0.0	0.0003494788350891426	0.0003433092204337224	0.0	0.0	0.0
rotifer_0.0_8x_17	0.05946177881891059	0.0594711579155597	0.06021482561638645	0.06043600507012395	0.06067402537204592	0.0611108943458357	0.06109851967792067	0.06111330146161429	0.060393659183418054	0.06007663628458162	0.060273727471473686	0.06034954866023589	0.0590193045990218	0.05972901261020804	0.059529950895577145	0.05985875431434803	0.0	0.00048745990054300777	0.00038237682577415595	0.0	0.0005720795154052441	0.0	0.0	0.0	0.0	0.0	0.0	0.0	0.0	0.0	0.0003679012884746033	0.0	0.0	0.0	0.0	0.0
rotifer_0.0_8x_20	0.05933680289473502	0.05981686427855779	0.0603686676857462	0.06060884882154839	0.0603445257275811	0.060958141463721374	0.060927057090705096	0.061189030362574774	0.059859483229958245	0.05985876652001689	0.06006369483332135	0.060065824538208974	0.058211747012184976	0.05919926379650689	0.059340602875015254	0.05979330246344653	0.0	0.0	0.0004119442843556289	0.0	0.0005177731965517008	0.0005164622015969248	0.0	0.0	0.0	0.0	0.0	0.0	0.0	0.0	0.00035494119567963596	0.0	0.0	0.0	0.0	0.0
rotifer_0.0_8x_23	0.059309851931277704	0.059801885911289814	0.06024429751425059	0.060567754288936654	0.06033638164208473	0.06075399158460189	0.060869575903794056	0.060952081485857394	0.0597257976631078	0.05989259900170259	0.06038569309824694	0.06013917342112812	0.05826926622357483	0.05907267003256174	0.05928505846803456	0.05993962945981366	0.0	0.0	0.0	0.0	0.0	0.000611847573749158	0.0	0.0	0.0	0.0	0.0	0.0	0.0	0.0	0.0	0.0	0.0	0.0	0.0	0.0
rotifer_0.0_8x_25	0.05933238004323376	0.059697751746797326	0.05983402281659573	0.060256942615794645	0.060356696753362145	0.06073600194726547	0.0609365681611639	0.060824460189882766	0.059844430383646514	0.060063188026157	0.060283644071314035	0.060027340669773034	0.058260225806899955	0.05944686081159179	0.05963289193936343	0.0599956900582637	0.0	0.0	0.0	0.0	0.0	0.0004282718087443536	0.0	0.0	0.0	0.0	0.0	0.0	0.0	0.0	0.0	0.0	0.0	0.0	0.0	0.0
rotifer_0.0_8x_30	0.0591803608560637	0.059340001052259325	0.059628683206567085	0.06012179233239877	0.060233707613619784	0.06047252117515103	0.06067144535287245	0.06052182026930495	0.06002003019659968	0.05992857466310113	0.06021467697617366	0.05991497321782475	0.05858689499249592	0.059639399671898775	0.059625315342126145	0.059867608787353664	0.00038587854744835854	0.0	0.0	0.0	0.0	0.0	0.0	0.0	0.0	0.0	0.0	0.0	0.0	0.0	0.0	0.0	0.0	0.0	0.0	0.0
