sample	r1	r2	r3	r4	r5	r6	r7	r8	r9	r10	r11	r12	r13	r14	r15	r16	r17	r18	r19	r20	r21	r22	r23	r24	r25	r26	r27	r28	r29	r30	r31	r32	r33	r34	r35	r36	r37	r38	r39	r40	r41	r42	r43	r44	r45	r46	r47	r48	r49	r50
club-moss_0.004_1x_1.hist	116629002	9376519	2157363	755485	400046	254760	167453	149583	159718	81455	39437	19448	17194	28390	35223	50970	43904	18292	2909	1582	1286	2105	9999	19442	28919	16065	3626	1166	387	192	56	15	5	0	22884	8735	2510	1368	272	14	3	0	0	0	0	0	0	0	0	31373
club-moss_0.002_8x_1.hist	98374630	25488748	3417018	1307597	657881	410863	209199	186874	110724	111139	60439	68295	52929	35564	44125	30704	18538	24747	30101	16387	12481	20432	16108	7809	16686	9269	3586	9563	14899	7448	2206	654	10324	8462	2691	167	7086	3864	3560	4194	1397	571	302	9893	1797	598	267	88	28	12648
club-moss_0.002_4x_1.hist	97861173	27163980	3661747	1398567	688850	433945	300618	147697	97746	111820	106896	52717	29254	48302	59929	23509	14580	19463	40973	22306	14468	4520	12450	24208	15633	8684	2636	7030	14970	7484	2216	4101	6904	13664	4346	270	76	40	580	15520	5172	2118	1123	420	69	22	8	1	0	21762
club-moss_0.006_1x_1.hist	121400195	9380578	2155827	752770	395626	252490	147209	131499	174445	88966	43074	21242	12274	20266	25144	36384	57711	34663	5513	3000	1945	606	2385	4638	9910	31713	9839	3167	1054	526	154	45	17	0	28699	2744	787	428	84	3	0	0	0	0	0	0	0	0	0	31537
club-moss_0.0_1x_1.hist	102094131	11370313	2490129	873145	463828	296432	154576	138080	208571	106370	51501	25398	11571	19104	23703	34298	54403	51650	8216	4472	2899	1029	4889	9507	20314	28852	6514	2096	697	347	102	29	10	31	37329	2332	669	364	71	2	0	0	0	0	0	0	0	0	0	30098
club-moss_0.001_8x_1.hist	93482551	27178271	3639044	1385524	704109	438000	223728	195610	118440	87169	101679	50145	46832	58731	30390	27029	42874	19079	12193	30014	21112	6596	24712	7230	6465	20688	10490	3377	1325	18553	8236	2446	977	111	20119	1395	400	217	6578	5740	1912	782	414	9711	1617	538	240	79	25	13526
club-moss_0.002_2x_1.hist	107537264	14659279	2856132	1011141	548752	347715	229939	205401	97392	49669	44322	50083	69630	55623	28782	9157	10484	13995	29463	36291	23539	7355	3186	997	2130	6817	16224	19978	6658	3328	985	1969	9619	1108	351	20	5	1182	23916	1327	441	179	94	34	4	0	0	0	0	22845
club-moss_0.02_2x_1.hist	154713335	10168839	2009431	718023	396460	248247	213193	104744	41242	32217	37580	42464	53922	29807	15423	4906	6193	8267	17404	21807	14144	4419	1913	559	746	2387	5680	15147	7136	3567	1056	312	124	13	3	0	0	15092	7464	413	136	55	28	9	0	0	0	0	0	16291
club-moss_0.006_2x_1.hist	120159530	14190129	2757194	974780	527546	334285	219094	195713	110849	56532	29334	33147	46084	76091	39374	12527	7220	7038	14817	36472	23656	7391	3305	6425	13730	7640	1724	554	9699	17351	5140	1526	609	69	21	0	0	13038	13899	771	256	103	54	19	2	0	0	0	0	22780
club-moss_0.02_1x_1.hist	154808717	8956886	1761351	692082	303625	191464	84420	75410	113907	107070	51839	25565	9814	9016	11185	16185	25672	29755	4732	2575	1680	2750	13062	25398	1493	828	186	58	18	8	1	0	5723	17169	10591	660	189	102	19	0	0	0	0	0	0	0	0	0	0	23565
club-moss_0.008_8x_1.hist	121364056	18679917	2656225	1015131	507075	316593	171744	153415	97862	71011	82832	40850	33144	52523	27178	16038	25439	33960	5465	13451	25407	11731	5082	6715	14349	11870	2679	861	9673	11028	3266	969	1834	5502	9635	601	171	4357	870	4791	3480	1425	755	1111	5062	1686	755	250	82	9073
club-moss_0.0_2x_1.hist	100573750	14846988	2848480	1010697	550967	349551	226257	202111	134710	68701	33262	35276	49043	70040	36243	11530	14841	19811	41707	22706	14727	4601	1992	3784	8086	25876	16396	5279	1758	878	259	76	8400	16308	5188	323	91	49	8	8025	6116	2505	1329	497	81	26	10	2	0	21196
club-moss_0.008_4x_1.hist	123613832	16080373	2700362	974336	540600	336933	159251	82454	124547	99375	48114	32491	45172	54320	28108	12476	19789	26417	22733	12376	8026	4278	20319	19191	1127	1633	3886	10362	11807	5902	1748	518	1852	5557	10741	670	191	103	3678	6546	2181	892	472	176	5430	1809	809	268	88	9866
club-moss_0.008_1x_1.hist	127464124	9524468	2177468	760723	400359	255371	148655	132790	178510	91039	44078	21737	8344	13777	17092	24733	39231	52372	14734	8021	5201	1624	4186	8139	17370	9649	2177	700	232	115	33	8	27694	11106	3532	219	62	32	5	0	0	0	0	0	0	0	0	0	0	31642
club-moss_0.008_2x_1.hist	126710004	12721385	2570799	906966	488673	309821	204269	182470	113664	57967	28065	31713	44090	71121	36802	11708	6748	5755	12116	29823	34035	10635	4607	1347	794	2541	6047	16125	13343	6670	1975	585	233	25	7	0	6949	16282	3255	179	58	23	11	3	0	0	0	0	0	23149
club-moss_0.002_1x_1.hist	108766704	9332065	2130854	747214	397024	253360	155109	138556	185081	94390	45700	22537	11223	18530	22990	33268	52769	52422	8338	4539	2943	918	3049	5927	12665	28092	6342	2041	679	338	99	28	10	0	34444	2815	808	439	86	3	0	0	0	0	0	0	0	0	0	30316
club-moss_0.004_2x_1.hist	113322569	15306896	2841116	1008839	550743	348697	235786	210624	83942	43382	50603	57180	71890	39740	20563	14998	23790	31758	25831	14062	9120	2849	12299	23914	8988	4992	1126	361	1889	26447	7835	2327	929	106	32	1	0	8942	15981	886	294	119	62	22	2	0	0	0	0	23836
club-moss_0.02_4x_1.hist	153741938	10500426	1901035	697538	377258	231482	107817	76143	111409	56818	27508	27591	38359	32352	16740	8691	13786	18403	16099	8764	5684	1775	6780	13183	6045	3357	757	242	5378	9832	2912	864	344	38	4512	7159	2057	1121	223	11	2161	5691	3020	1131	187	61	26	7	1	10750
club-moss_0.02_8x_1.hist	153249779	11075749	1814605	691144	347328	214361	157375	77319	93944	49315	36832	41619	33985	18786	21929	20262	11679	11848	12932	9271	10938	3417	5396	10492	6331	3516	1343	3582	7267	3632	1075	2149	5085	585	5459	1995	572	311	4145	4462	1486	608	321	3511	2644	880	393	130	42	6967
club-moss_0.006_8x_1.hist	114505055	20336169	2842075	1084664	544160	339776	168947	150917	128072	65315	64400	72772	29195	41898	43025	14713	23337	31154	18309	9967	13767	22539	12232	4483	9579	14529	3279	5575	11349	5673	1680	498	12143	4711	1498	92	1344	11879	2374	130	42	16	5223	6419	1068	355	158	51	16	11560
club-moss_0.01_2x_1.hist	132576599	11692640	2436927	858299	460739	291901	198594	177401	101970	52004	25244	28524	39657	65479	40312	12825	7392	5834	12282	30233	19610	6127	6671	12971	1950	1082	243	77	23501	11749	3480	1033	412	46	13	0	0	0	20395	2385	794	324	171	63	9	2	0	0	0	20308
club-moss_0.01_8x_1.hist	128051723	17043848	2462573	943627	469535	292779	158760	141818	102697	59975	69958	53845	23608	38980	40633	12927	18688	24947	20448	11131	8704	14249	16333	4778	3465	11088	11201	3606	1201	2010	12251	3639	1454	166	8611	1771	508	276	10753	989	328	133	69	8616	1435	477	212	69	22	10303
club-moss_0.001_1x_1.hist	106030017	9280403	2126986	744229	393265	251461	141999	126845	191601	104228	50464	24886	12082	19948	24749	35813	56806	33556	5337	2904	1883	1529	7266	14127	30188	16770	3785	1218	405	201	58	16	5	0	20996	12439	3575	1949	388	20	5	1	0	0	0	0	0	0	0	29535
club-moss_0.0_8x_1.hist	88798787	28743029	3835568	1457617	744266	461967	224480	200524	123723	90918	105101	51832	52185	60104	31101	25372	40244	22384	14736	31307	20306	6344	15732	30590	5828	3237	7606	20283	8654	4326	1969	3937	19713	2273	722	44	4889	11470	2293	126	5098	2088	1107	6696	2851	949	424	140	45	13320
club-moss_0.004_8x_1.hist	106682032	22744529	3112156	1189774	596368	372781	186491	166589	126695	82944	64940	73382	41682	33655	41757	34047	19626	15876	32451	17666	11458	6146	29194	8541	2517	8056	18827	6062	2019	3348	13288	3947	2069	6206	6011	374	106	12596	2518	138	45	17	5365	7168	1193	396	176	57	18	12521
club-moss_0.0_4x_1.hist	89415821	29503098	4107116	1519996	823199	505543	197303	176248	189904	96850	53011	59902	83281	50959	26369	27804	44103	18375	12841	31608	30145	9419	5881	11434	24433	16644	3757	1209	13292	18662	5528	1641	655	74	20044	2246	644	350	69	12865	7504	3074	1631	610	100	32	13	3	0	22272
club-moss_0.006_4x_1.hist	116710702	17754392	2834880	1030059	570443	355154	169505	83279	125794	112047	54249	29547	41078	62870	32532	11411	18100	24162	31284	17031	11046	3451	9603	18672	12317	6842	1544	496	16597	8297	2457	729	1426	4277	15273	953	273	147	28	0	10651	4364	2315	867	143	46	20	5	0	15319
club-moss_0.01_4x_1.hist	129571280	15086046	2509008	910605	504229	313903	158320	77784	101939	109659	53093	26183	36402	49601	25666	15276	24230	32345	8886	6443	12169	19922	13694	4006	1582	5063	12049	10846	3614	1806	534	157	15396	3299	1048	64	17	8	5468	8638	2878	1178	624	233	37	11	4	10020	3339	2002
club-moss_0.001_2x_1.hist	104398440	14501832	2819817	1000121	544779	345415	228750	204339	119254	60818	35549	40169	55847	73149	37851	12042	7143	9534	20072	40064	25986	8119	3517	1762	3765	12047	21880	7045	2347	1172	6194	12387	4954	570	180	10	1	0	22266	3220	1072	438	231	85	13	3	0	0	0	21834
club-moss_0.01_1x_1.hist	133996892	9655371	2203853	768808	403035	257382	139480	124595	188202	95982	46471	22917	8797	13233	16417	23756	37682	50303	11619	6325	4101	1280	5069	9855	19768	10981	2478	797	264	131	37	10	3845	11534	19843	1239	355	192	37	1	0	0	0	0	0	0	0	0	0	29761
club-moss_0.001_4x_1.hist	92971943	28909188	3905358	1489861	729763	459956	306113	150397	109903	125728	95111	46905	41000	67696	51300	16322	20578	27470	36352	19790	12836	4010	17302	33642	11063	6145	1386	445	25321	12659	3750	1113	444	50	23790	1485	426	231	45	8572	8967	3674	1949	730	120	39	16	4	0	20572
club-moss_0.004_4x_1.hist	106414846	24040924	3227871	1250312	604676	381784	291572	160558	81720	93486	105148	51855	26042	42998	53349	29085	16765	17261	34761	18924	12274	3834	17056	33165	2609	1513	3600	9599	16647	8322	2464	731	1161	3483	18201	1136	325	176	34	2900	10833	4438	2355	882	146	47	20	5	0	17512
