sample	r1	r2	r3	r4	r5	r6	r7	r8	r9	r10	r11	r12	r13	r14	r15	r16	r17	r18	r19	r20	r21	r22	r23	r24	r25	r26	r27	r28	r29	r30	r31	r32	r33	r34	r35	r36	r37	r38	r39	r40	r41	r42	r43	r44	r45	r46	r47	r48	r49	r50	genome_length
moss_0.0_1x_20.hist	57956206	8477248	1917326	782274	373908	239294	226666	202477	305844	194232	94041	46378	17804	12216	15156	21931	34787	46439	97765	67989	44100	13780	5970	1746	101	55	11	2	0	0	84493	28372	11348	1308	415	24	6	2	0	0	0	0	0	0	0	0	0	0	0	61791	104318679
moss_0.01_4x_23.hist	66098908	6535018	1297329	541408	279003	170867	144886	129424	145452	74179	38880	43933	61080	53083	27468	17013	26986	36025	21423	11662	7564	6004	28518	8343	1301	4163	9909	12570	4189	2093	619	183	17131	6321	2010	124	34	18	2	12270	5659	2318	1229	460	75	24	9	2	0	15789	101109394
moss_0.0_2x_20.hist	56179781	9831138	2135162	826152	466055	293164	400407	196725	77459	82504	96238	108747	120198	66444	34382	10938	15456	20632	43436	66237	42963	13425	5816	3554	7594	24302	47749	15375	5124	2561	757	224	88	9	31505	26824	7711	4205	840	45	14	4	1	0	0	0	0	0	0	46690	104543415
moss_0.0_2x_23.hist	51626355	10905884	1965692	837630	459668	284632	237246	116561	98630	112832	131615	148724	75303	41626	21539	16826	26688	35628	75005	40835	26486	8276	3585	6781	14489	46366	33166	10679	3558	1778	11010	3270	1307	149	46	13093	28000	15272	3053	168	55	21	10	2	0	0	0	0	0	44670	108426533
moss_0.001_1x_novaseq_profR.hist	51859025	9836467	1715444	735261	410219	256488	331995	163113	64224	63828	74453	84130	116966	101517	52531	16713	9633	4013	6873	16919	31958	52319	77539	22688	1333	739	166	52	16	7	1	0	22792	48531	15440	964	276	149	28	0	0	0	0	0	0	0	0	0	0	48478	105398099
moss_0.001_1x_HiSeq2500L150R.hist	58272477	10391041	1870387	800766	445324	277925	417831	205285	80830	41222	39388	44508	61879	102171	126767	42615	24565	10234	13171	32420	61238	19135	8291	2425	141	77	16	4	20478	76786	22750	6758	2702	310	97	5	0	0	0	0	0	0	0	0	0	0	0	0	0	70004	105548138
moss_0.01_1x_25.hist	64550951	8665546	1322474	568456	319714	200781	337104	165623	65213	33257	29298	33106	46026	75996	94291	30000	17293	7204	1932	4757	8984	14708	61895	18110	1064	590	132	41	12	5	0	0	31044	16975	5400	336	95	51	9	0	0	0	0	0	0	0	0	0	0	35749	106297282
moss_0.01_4x_MiSeqv3L250R.hist	65860135	7146880	1329846	560073	296881	179686	133038	118840	152841	77948	37739	42644	59288	56600	29288	17852	28317	37801	16359	8906	5775	6752	32074	20305	1193	662	148	46	21881	10939	3240	961	383	43	12	10330	7284	3972	793	43	7581	3106	1647	616	101	32	13	3	0	17023	96890684
moss_0.0_4x_25.hist	51746183	8347522	1699749	718172	384411	234251	197480	176405	206760	105446	59105	66788	92855	51329	26560	27057	42917	57292	19652	15394	29078	38064	16493	4825	10309	32990	17739	5711	1902	950	5969	11938	15241	16716	5317	331	94	50	9	10824	12013	4922	2611	978	162	53	22	6	1	25449	102519060
moss_0.01_2x_novaseq_profR.hist	65226826	7344778	1333538	563484	301700	183880	104812	93627	141424	112542	54489	26871	25192	41595	51608	60639	34955	14563	2315	5155	9737	15941	39790	11642	683	378	84	26	16488	19296	5716	1697	678	77	23	0	0	0	26617	1477	491	200	105	38	5	0	0	0	0	21598	105783211
moss_0.01_4x_novaseq_profR.hist	65826242	6031923	1274715	525685	260650	163383	184129	164479	64762	73685	85951	46672	25916	42791	53091	32049	18474	8190	17242	32098	20819	6505	2817	4998	10679	19516	4405	1417	471	4456	14689	4363	1744	200	268	12094	3476	1895	378	20	2076	6677	3543	1327	220	72	31	9	6402	7636	102413183
moss_0.001_1x_25.hist	54633750	7322884	1675113	638827	363636	229828	342846	285370	112363	57304	27744	27409	38105	62918	78064	88225	50858	21190	3370	2750	5194	8503	40391	78538	6076	3374	761	244	80	39	10	2	27546	38605	12282	766	219	118	22	0	0	0	0	0	0	0	0	0	0	43869	100116827
moss_0.001_2x_23.hist	52525400	11168997	1911921	817257	452512	281695	252245	123930	93484	106945	124747	140963	54119	29916	19817	28675	45484	60719	53223	28976	18794	5872	3759	7309	15618	49978	32969	10616	3537	1767	522	154	60	6	0	41119	15857	8648	1728	95	30	11	5	0	0	0	0	0	0	41416	108968937
moss_0.01_8x_23.hist	66491193	5498676	1244734	491550	250777	157767	142855	127609	106874	59019	68844	59217	32772	54112	33257	16825	26687	35626	9034	9476	17898	19927	8634	2664	5692	18215	4112	1323	2158	12872	3812	1131	2036	6109	9342	582	166	89	10253	1620	539	219	115	8751	1457	484	216	71	22	9867	98657520
moss_0.0_1x_MiSeqv3L250R.hist	50166880	9904890	1736806	745006	416598	260800	319186	156819	109229	124957	145758	71883	27597	17270	21427	31005	49180	65653	72996	39741	25777	8054	3489	1020	59	31	6	0	3192	44695	61099	18153	7260	836	265	15	3	0	0	0	0	0	0	0	0	0	0	0	0	58934	98477838
moss_0.0_1x_25.hist	53140416	8134272	1839431	704349	399092	251633	378364	185895	73195	68483	79882	90266	125497	69373	35897	11421	6913	9227	19425	47816	90318	32599	14125	4132	242	133	29	8	1	0	29654	57225	22889	2639	838	51	13	6	0	0	0	0	0	0	0	0	0	0	0	55691	102634733
moss_0.0_8x_23.hist	53485810	6963298	1590272	641088	327709	206794	245596	163259	140302	116294	73733	83317	57170	37357	46349	39659	32492	43375	32003	17423	18864	30882	23289	6813	14559	17024	10093	17706	5901	2949	7001	14002	13020	1501	476	28	13642	7440	1487	81	26	7592	8707	3264	543	687	2686	894	297	15045	96685228
moss_0.001_8x_MiSeqv3L250R.hist	54790308	7064669	1573274	649987	324236	205237	282670	138879	123757	141577	68548	52025	72330	39983	33813	48928	42155	17563	30062	38017	24659	7704	29134	17034	2843	9097	21650	14782	4926	2462	5961	11922	11547	1331	422	132	14610	7968	1592	87	28	4326	10744	4028	670	222	98	31	9	17444	88215832
moss_0.0_8x_HiSeq2500L150R.hist	55810855	22722852	4425591	1676522	945363	594523	534914	262810	187421	214409	195850	96588	61449	101461	125886	48278	27830	31814	66976	36463	23651	11915	56598	33641	2792	8933	21260	56694	18897	9447	2798	4683	51926	5989	1904	118	32	11055	47499	2637	878	358	189	70	10	2	27222	15610	5202	3120	100890558
moss_0.0_8x_novaseq_profR.hist	53069915	6582741	1513287	608500	312327	196939	209732	187350	122886	125841	71030	80263	48866	40490	50237	43420	25029	27565	43458	23659	18261	29895	18247	5338	9799	31356	8103	2608	1690	23666	8053	2391	1915	5744	17314	1081	309	167	7335	8611	2869	1175	622	5917	5690	1895	848	281	92	13969	99218288
moss_0.01_1x_MiSeqv3L250R.hist	64695312	10786638	1748744	686914	391497	247592	289201	258339	126465	64496	31226	15399	18048	29800	36973	53502	84864	80271	12769	6951	4507	1407	609	177	9	4	0	0	58199	31844	9434	2802	1119	128	39	1	0	0	0	0	0	0	0	0	0	0	0	0	0	47472	110373761
moss_0.01_2x_HiSeq2500L150R.hist	69120623	9916518	1673258	705251	374749	227206	116656	83503	126132	144294	110155	54325	20855	17829	22120	32008	50770	67776	22000	11977	7767	2426	1200	2334	4986	15956	37976	12228	4075	2036	602	178	70	7	1	21376	9224	5030	1005	54	17	6	2	0	0	0	0	0	0	32452	106566703
moss_0.0_8x_20.hist	54337641	8163351	1772587	733797	368459	232695	268183	145270	189722	96757	74301	83959	70034	38714	29025	41999	66619	27757	9523	23440	44275	29598	12825	8257	17644	25731	5809	1869	6133	29664	8788	2610	1043	119	36	1	0	71894	14377	797	264	107	56	20	2	0	0	0	0	0	64528489
moss_0.0_4x_23.hist	52019484	9189157	1809240	764945	410264	250340	212313	189656	224151	114316	55348	51002	70908	96187	49773	15835	16806	22434	47230	53017	34388	10745	4655	6479	13844	44300	18858	6072	2023	1010	7400	14799	20965	2417	6928	432	123	66	12	20159	9222	3778	2004	750	124	40	17	4	0	27223	102351951
moss_0.001_4x_23.hist	53837001	8731838	1725767	729409	390815	238308	207298	185176	200389	102197	52329	59130	82208	63846	33037	22513	35710	47671	38630	21031	13640	10965	52083	15239	2018	6456	15365	24190	8062	4030	1193	353	20601	14959	4758	296	84	44	7	10160	12381	5073	2691	1008	167	54	23	6	1	25049	101915111
moss_0.001_8x_HiSeq2500L150R.hist	56364153	22369362	4236292	1609258	906259	569551	503869	247557	162801	186244	217247	107140	47444	78338	97196	73406	42315	17630	26406	64999	42160	13174	12654	24605	31973	20316	48352	15570	5189	2593	7777	15553	57220	6599	2098	130	36	18	12682	28789	9595	3931	2085	781	129	42	17	4	26615	22107	100315694
moss_0.001_4x_HiSeq2500L150R.hist	57952130	14717493	2458364	1043349	565896	347872	221126	132659	200382	229236	110990	54736	41444	68431	84904	45347	26140	12538	26394	64970	42142	13168	5705	7700	16454	52652	27214	8762	2919	1458	3251	6501	36673	4229	1344	83	22	11709	30798	1710	569	232	122	44	6	1	0	0	0	41372	110934254
moss_0.001_4x_MiSeqv3L250R.hist	53734883	9441285	1772315	752353	408355	251133	163938	137254	207323	157669	76339	37647	41144	67935	76761	24423	18851	25165	52979	28843	18708	5845	26456	51442	5191	2883	2136	5696	23864	11931	3534	3010	28116	3242	1030	63	17	8	5417	18976	6324	2590	1374	514	84	27	11	2	0	28659	95546864
moss_0.0_2x_25.hist	50557685	10856907	1926047	822492	454144	282253	248989	122331	95322	109047	127200	143735	73420	40585	21001	14892	23622	31534	66386	59362	38504	12031	5212	2009	4292	13733	32685	40120	13372	6685	1979	587	233	25	7	3149	32598	17780	3555	196	64	25	12	3	0	0	0	0	0	41477	109773805
moss_0.001_4x_novaseq_profR.hist	53597820	7789620	1646984	687908	355442	219521	215239	192270	166911	85123	72291	81688	72865	40279	21329	30864	48956	65355	14259	8782	16588	27156	43732	12795	881	2819	6710	17893	22898	11448	3391	1006	401	45	26424	4098	1177	641	127	6	10966	9439	5009	1877	311	102	45	14	3	20604	102797616
moss_0.001_1x_23.hist	56307772	8477027	1949768	724887	415968	263978	320511	286307	185336	94520	45763	26389	36688	60577	75159	86049	49604	20667	5399	13289	25101	41093	50849	14878	874	484	108	33	10	4	36566	49051	19619	2262	718	43	11	5	0	0	0	0	0	0	0	0	0	0	0	57115	105358553
moss_0.0_2x_MiSeqv3L250R.hist	51332370	11175704	1927123	824467	457641	285295	263316	129370	89865	102804	119918	135506	97522	53909	27895	8874	12876	17188	36185	89071	57775	18053	7822	2287	1728	5528	13157	35085	24369	12183	3609	1071	427	48	14	0	33592	18322	3663	202	66	26	12	3	0	0	0	0	0	45127	100364867
moss_0.001_8x_novaseq_profR.hist	54506209	6487951	1488438	598509	305550	192907	247107	127317	169793	96679	66266	74879	59378	32823	40724	54404	31361	18702	39373	30593	19843	7492	35264	10317	4519	14461	19561	6298	2098	16402	7568	2247	3395	10186	8307	518	5791	3157	5618	5173	1723	705	1031	12156	2025	674	301	99	32	13733	99607148
moss_0.01_8x_HiSeq2500L150R.hist	63585665	20298174	2622770	1111052	599342	367118	179970	160764	218594	111482	53976	60992	84796	65223	33750	21516	34128	45559	42916	23364	15154	4734	18392	35762	13977	7764	2593	6915	21525	10761	3187	946	5567	16701	5313	331	94	50	17489	3475	1157	473	250	92	10657	3551	1591	529	175	12053	97090474
moss_0.01_2x_20.hist	66863403	8593512	1464177	620067	334171	204571	143034	70274	88247	100954	117759	66857	25667	15543	19283	27903	44260	59085	23102	12576	8156	2548	5864	11402	24364	13534	3055	982	326	162	12252	10472	4187	482	152	8	18287	9973	1993	109	35	13	6	1	0	0	0	0	0	26787	104129535
moss_0.0_4x_MiSeqv3L250R.hist	51425369	10489645	1894881	807425	443065	274346	212567	111138	167876	192049	99900	49267	38662	63836	79203	30964	17848	20331	42802	53253	34541	10793	4676	8504	18171	58147	14246	4586	1527	762	225	65	43598	5028	1598	98	27	13	15293	13323	4440	1818	964	360	59	18	7	1	0	32551	96309016
moss_0.0_4x_HiSeq2500L150R.hist	57412716	14032910	2386811	1015747	555344	343098	251486	124055	187386	214368	117397	57896	46552	76864	91784	29203	18923	25261	53180	50065	32473	10147	5142	9998	21363	68363	19306	6216	2071	1034	2175	4350	42469	4898	1557	96	26	13	41785	2320	772	315	166	61	9	2	0	0	0	41611	108832649
moss_0.01_2x_23.hist	65203300	7802016	1362583	577623	312255	191536	143457	70481	74517	85246	99436	84908	32597	18019	22356	32349	51312	36320	5777	3534	6674	10926	43948	12858	755	418	93	29	7678	25157	7452	2213	884	101	31	0	0	17598	9656	535	177	71	37	12	1	0	0	0	0	23971	104201626
moss_0.001_2x_HiSeq2500L150R.hist	61566620	10127819	2280594	855203	486864	307725	401084	310804	122378	62411	52891	59766	83093	125364	64871	20639	16704	22299	46945	25557	16577	6379	30300	58916	31961	17755	4008	1289	428	213	62	17	5687	17061	54694	3417	981	534	105	4	0	0	0	0	0	0	0	0	0	52020	105434054
moss_0.0_4x_20.hist	50641492	15951133	2471413	1057805	587912	366781	313122	153840	125486	143555	167452	134981	51822	28646	30391	43976	69755	93120	14813	8064	5229	7285	34606	67289	28118	15620	3526	1134	377	187	39793	29127	11649	1342	426	25	6	2	23772	16978	5658	2318	1229	460	75	24	9	2	0	37265	112646946
moss_0.01_8x_20.hist	66571341	6376034	1341675	551420	270299	170896	219678	107930	83292	95286	56471	43575	60582	43278	22394	32059	34860	14524	12684	26592	17248	5389	7716	15004	9523	5290	3117	8312	9766	4882	1445	428	6333	8909	2833	176	49	9981	1995	109	2192	897	2759	6578	1095	364	162	53	16	11505	96175656
moss_0.001_2x_20.hist	55941598	11163402	2096862	855525	476852	297978	348405	171175	67399	76317	89021	100593	125387	69313	35866	12919	20491	27355	57588	41397	26851	8390	4961	9645	20610	65953	19515	6283	2093	1045	308	90	35	3	18922	33147	9529	5196	1038	56	17	6	2	0	0	0	0	0	0	46367	106954147
moss_0.001_8x_25.hist	54743926	6510543	1495500	599020	307426	193874	205949	183971	142468	77620	90540	84519	32448	52232	50024	22995	36474	48691	21255	15480	29240	28605	12394	6141	13123	28750	6491	2089	1373	19234	13675	4062	1623	186	8699	12449	3578	1950	389	46	10809	4429	2350	1268	5373	1790	801	266	87	13989	98608599
moss_0.001_1x_MiSeqv3L250R.hist	53446168	10315473	1767980	758207	423695	265147	290949	142947	215922	134620	65179	32143	16272	26867	33334	48236	76511	102139	46140	25119	16293	5090	2204	644	36	19	3	0	5790	81061	38153	11335	4533	521	165	9	1	0	0	0	0	0	0	0	0	0	0	0	0	62746	102790327
moss_0.001_2x_novaseq_profR.hist	50933154	11566140	1908798	817427	454950	284054	272270	133769	96098	109936	128236	143703	55170	30497	18394	26616	42218	56359	55036	29963	19434	6072	3353	6519	13929	44573	42183	13583	4526	2262	669	197	78	8	1	27885	21205	11565	2312	127	41	16	7	1	0	0	0	0	0	40060	112291762
moss_0.001_4x_25.hist	53788951	7744823	1619552	680623	358472	219770	206224	184217	175582	89546	63306	71534	84654	46795	24214	29633	47004	54536	8675	20219	38190	11933	14330	27864	16539	9187	2073	666	27142	15826	4688	1392	555	1534	27071	1690	485	263	51	1	15727	6444	3419	1281	212	69	30	9	2	21652	101570695
moss_0.0_4x_novaseq_profR.hist	52140045	7838659	1669619	698696	363194	224509	234857	209794	160967	82092	80683	91171	57591	31835	39498	57156	46260	19274	12665	31175	58886	21219	9194	2975	6357	20342	31073	10005	3334	1666	2968	5936	28092	3239	1029	63	17	18308	3660	202	66	306	12102	4537	755	250	111	36	11	21735	102389178
moss_0.001_1x_20.hist	60842525	9487351	2205890	806174	459639	292270	321721	287388	256688	130910	63382	31257	25046	41354	51309	74246	87455	36438	6173	15194	28700	46986	33620	9836	577	319	71	21	983	13767	78953	23458	9382	1081	343	20	4	1	0	0	0	0	0	0	0	0	0	0	0	67200	110875330
moss_0.01_1x_20.hist	63249687	12638576	1697968	727195	406265	254201	314493	154514	60838	38253	44621	50420	70099	115744	59893	19056	10984	4575	5418	13337	25192	41243	29504	8632	506	280	62	19	941	13178	44476	13214	5284	608	192	11	2	0	0	0	0	0	0	0	0	0	0	0	0	47397	113919201
moss_0.01_1x_novaseq_profR.hist	64935948	8831750	1449981	614718	332367	203899	130756	64241	91969	105211	122725	108409	41620	23006	11904	5451	8646	11542	24298	59810	51170	15989	6927	2026	118	64	13	3	0	0	8483	16966	35209	4060	1291	79	21	10	1	0	0	0	0	0	0	0	0	0	0	37872	107833439
moss_0.001_2x_MiSeqv3L250R.hist	52587160	11226270	1887598	808804	450865	281757	348505	171224	67418	68569	79983	90380	125656	90833	47002	14954	8619	8126	17108	42111	79543	32430	14052	4110	1984	6349	15109	40291	14075	7036	2084	618	246	27	7	35453	12417	6772	1353	74	23	8	3	0	0	0	0	0	0	46843	101211174
moss_0.0_8x_MiSeqv3L250R.hist	53229886	7250680	1619161	669577	335052	212120	305854	150269	115904	132593	102355	50478	47126	66252	49374	21985	34872	46553	29318	15961	22374	36628	22125	6473	5061	16196	26541	8546	2847	5735	7645	15290	10161	1171	371	22	14754	9318	1862	102	33	648	14212	5328	887	294	131	42	13	18183	87619930
moss_0.0_8x_25.hist	53101888	6730740	1543827	619861	318480	200875	221761	168524	155909	83222	97075	79448	35527	58659	48066	24954	39582	50717	11594	28540	34303	10718	16365	31821	3939	6041	14378	21039	7012	3505	3301	6601	20964	2417	768	47	11717	7362	1471	80	6695	2743	1455	7326	3572	1189	532	176	57	16149	98537721
moss_0.01_4x_HiSeq2500L150R.hist	68583252	10679781	1709856	722094	385990	234988	126233	102333	154575	142712	69097	34076	25050	41361	51318	63469	36587	15243	3111	7658	14465	23681	45749	13385	786	435	97	30	1892	26497	13937	4140	1655	189	59	2	0	0	25142	3068	1021	417	220	81	12	3	0	0	0	24066	106734460
moss_0.001_4x_20.hist	54922614	12312155	2076963	884912	485440	300527	225428	112383	169756	194200	100399	49513	39097	64555	80095	52231	30109	12544	12720	31312	59143	44550	19304	5647	2320	7423	17666	37374	12457	6227	1844	546	6035	18104	17388	1085	311	168	32	15233	10544	4320	2292	858	142	46	19	5	0	30317	106123153
moss_0.0_1x_novaseq_profR.hist	50528004	9481778	1712056	733947	409712	256248	347671	170815	67257	56902	66374	75002	104275	129493	67008	21319	12289	5119	4634	11406	21545	35271	99964	29249	1719	954	214	68	21	9	1	0	41804	34471	10967	684	195	105	20	0	0	0	0	0	0	0	0	0	0	51741	103929142
moss_0.01_8x_MiSeqv3L250R.hist	66458433	5718289	1264956	508214	253834	160329	203215	99841	87183	99736	48289	43128	59961	37786	27065	39164	26753	11146	18402	24738	16045	5013	7900	15360	9428	5237	3834	10223	3406	1702	5148	10295	4117	473	4064	4471	1284	699	7888	2143	713	291	153	8230	1593	530	236	77	24	10975	92979875
moss_0.01_2x_MiSeqv3L250R.hist	65382112	7857500	1333804	567686	310466	191850	165549	81336	62427	71415	83303	94132	47588	26306	13611	19695	31240	41704	34234	18637	12088	3776	1635	2890	6175	19759	26260	8455	2817	1407	416	122	48	4	0	14621	13678	7459	1490	81	26	9	4	0	0	0	0	0	0	27495	99437515
moss_0.0_1x_23.hist	55348572	8832537	2056599	749879	426372	272243	262216	234233	307312	156728	75883	37422	25213	41630	51651	74741	43085	17951	9522	23438	44271	72478	31406	9188	539	298	66	20	5	1	25323	50645	34713	4003	1272	78	21	10	1	0	0	0	0	0	0	0	0	0	0	58682	107096520
moss_0.01_1x_23.hist	63897312	9679952	1422101	609783	340608	213096	280884	138002	54337	43917	51227	57886	80478	74266	38429	12226	7047	8420	17726	43633	50919	15911	6893	2016	117	64	13	3	0	0	14804	29608	23758	2739	870	53	14	6	0	0	0	0	0	0	0	0	0	0	0	37983	107891103
moss_0.01_4x_25.hist	65614416	6314703	1290097	534761	269674	167177	163944	146448	112245	57244	56936	64337	57808	31955	21279	30792	48841	20349	3574	8797	16615	27201	11786	3447	1766	5650	13447	9559	3185	1591	998	1996	20455	2358	749	45	12	5	13603	754	250	1743	5767	2161	359	118	52	16	4	14717	102104680
moss_0.001_2x_25.hist	51667377	11146181	1920633	819565	451545	280268	229003	112512	115814	132490	154545	106877	41032	22681	25440	36812	58390	77949	12400	7187	13575	22224	61410	17968	1055	1033	2458	6555	45309	22653	6711	1993	796	90	27	0	0	40187	8036	445	147	59	30	10	0	0	0	0	0	39958	110953098
moss_0.0_2x_HiSeq2500L150R.hist	60492666	10004866	2271357	849304	485959	307946	380123	339558	186253	94988	45990	36299	50466	83327	103386	67045	38648	37292	5931	3228	4884	7995	37977	73843	36533	20295	4581	1474	490	244	71	20	936	2807	76085	4754	1365	744	147	7	1	0	0	0	0	0	0	0	0	49530	104611918
moss_0.0_2x_novaseq_profR.hist	49552808	11559532	1940200	831125	462969	289210	301208	147987	83728	95784	111729	126253	104229	57617	29814	11458	18174	24260	51074	62730	40688	12714	5508	2902	6201	19843	47227	21642	7213	10828	3207	952	379	42	12	14274	28771	15692	3137	173	56	22	10	3	0	0	0	0	0	41836	111812200
moss_0.01_8x_novaseq_profR.hist	66438569	5407131	1223233	484843	246474	155224	154698	118653	114181	60164	57658	65152	31148	39980	49604	15782	23079	30808	17427	9487	11155	18261	15910	4654	2428	7768	13936	4487	1494	746	11149	7578	3030	348	109	9087	3781	2061	411	4457	1484	607	3206	6036	1005	334	148	48	15	10225	100970878
moss_0.01_4x_20.hist	67624277	7831416	1423765	599228	317010	191595	135013	120604	165603	84456	40891	33946	47195	77926	44909	14288	12596	16814	35398	25257	16382	5118	3328	6471	13828	26412	5963	1919	638	318	961	1922	24804	2860	909	55	15	7	0	12772	6196	2538	1346	503	82	26	10	2	0	16286	100907065
moss_0.001_8x_23.hist	55075560	6687826	1532536	614135	314865	198655	248808	122242	179018	93120	74064	83691	32932	54376	53332	21466	34048	45453	25859	16920	31959	15210	18325	30690	1849	5918	14085	13757	14033	7196	2131	632	10784	15421	4905	305	86	46	17927	994	330	134	3562	10450	1740	579	258	85	27	15415	96880773
moss_0.01_2x_25.hist	65375978	7120868	1296286	548272	294401	179780	111407	73995	111770	127864	82260	40568	17720	29258	36301	52529	40755	16980	6011	14797	27949	12949	5610	1640	2758	8825	21002	14145	4714	2356	697	206	81	8	1	16581	11433	6235	1246	68	21	7	3	0	0	0	0	0	0	25414	104288946
moss_0.0_1x_HiSeq2500L150R.hist	62780744	11453615	2665874	963022	540861	345285	306778	274040	355182	181142	87703	43252	23618	38996	48384	70013	111055	93864	14932	8128	5271	1646	712	1330	2842	9093	21641	57710	72702	36350	10769	3198	1278	146	45	1	0	0	0	0	0	0	0	0	0	0	0	0	0	84761	117387693
moss_0.01_8x_25.hist	66443025	5448345	1231908	487382	248498	156468	151063	134941	98195	59723	69665	62372	28382	46862	46192	14696	22527	30073	18091	9848	14557	17257	7477	5798	12388	8891	2006	5350	9793	4895	1511	3021	9024	1040	329	6692	5244	2859	570	30	6335	3128	1659	621	102	3556	2627	874	290	6702	100276471
moss_0.01_1x_HiSeq2500L150R.hist	66349773	15448308	2068456	885566	493205	308058	416180	204474	80510	41059	20429	23084	32093	52990	65745	95137	95059	39607	6300	3429	2223	693	338	657	1404	4493	10693	28514	49751	24874	7369	2188	874	99	30	0	0	0	0	0	0	0	0	0	0	0	0	0	0	56981	122518636
moss_0.001_8x_20.hist	55248314	8201997	1739289	719176	359752	226926	283699	139384	142962	138167	66896	65714	71629	39595	31241	45207	55878	23281	12529	30841	48277	15085	6536	11423	24408	23631	5335	1717	1695	23742	16774	4983	1992	228	71	3	0	0	0	0	0	0	0	0	0	0	0	0	0	0	65826856
moss_0.001_8x_30.hist	54526664	6269400	1446795	577721	298053	187764	197595	176508	142802	88077	97736	48200	55858	57116	29555	35005	53088	22119	19997	38386	24898	7779	15738	30600	2668	7885	18767	12302	4099	2048	17203	6946	2777	319	10900	8489	2439	1329	4243	7148	2381	975	516	9987	2977	991	443	146	47	13230	102132558
moss_0.0_4x_30.hist	52108721	7443463	1614465	673708	347123	215030	217246	194062	181849	92742	62506	70631	86980	48082	24880	31696	50276	48268	7678	17530	33112	40078	17366	5080	4008	12826	30525	16533	5510	2754	815	241	27538	5251	1669	103	28	12401	2479	845	12583	5156	2735	1024	169	55	23	6	1	24793	104168004
moss_0.0_1x_30.hist	49998423	9727745	1736829	743894	414226	258700	300440	147610	69634	79661	92921	105000	117588	65002	33635	10701	6167	7813	16447	40485	76471	69990	30328	8873	520	288	64	19	5	1	0	0	39437	42997	13679	853	244	132	25	0	0	0	0	0	0	0	0	0	0	51039	105607370
moss_0.01_2x_17.hist	71937643	10432621	1807263	758165	397136	238491	122089	109060	164736	177258	85823	42325	16248	22782	28266	40902	64878	46546	7404	4030	7105	11631	55246	16164	949	526	117	36	11	4	0	0	30069	23989	7631	475	135	73	13	0	0	0	0	0	0	0	0	0	0	38673	108423784
moss_0.01_1x_17.hist	72861658	14166572	2965956	1071220	601444	377360	272255	133762	54958	62871	73337	82870	115213	155013	80213	25521	14711	6128	974	529	342	471	2238	4352	9299	29757	70821	36513	12170	6084	1801	534	212	23	6	0	0	0	0	0	0	0	0	0	0	0	0	0	0	62586	126544005
moss_0.001_4x_17.hist	65583157	13763274	3093822	1135752	648682	410697	444470	397039	156333	79729	82395	93105	129444	92292	47757	15194	19312	25780	54274	63092	40923	12787	5540	4056	8667	27736	66010	21256	7084	3541	1468	2936	1173	134	41	33771	26404	14401	2879	158	51	20	9	2	0	0	0	0	0	48264	117084431
moss_0.01_4x_30.hist	65865462	6000894	1250679	518252	261089	162375	174182	155593	98481	50224	54908	62045	58567	32375	34758	32640	18815	17304	30940	16844	10924	3413	12194	23710	3583	1989	2677	7138	14052	7025	2080	617	245	27	18502	2578	740	402	79	3	4765	6849	3635	1362	226	74	32	9	2	14102	104126255
moss_0.01_1x_30.hist	64574596	8292619	1308039	560642	312795	195570	282786	138936	54705	27898	30706	34697	48239	79649	96838	30811	17760	7399	1497	3684	6958	11391	54110	24337	1430	793	178	56	17	7	1	0	28591	19965	6351	395	112	60	11	0	0	0	0	0	0	0	0	0	0	35352	106255804
moss_0.0_2x_17.hist	66012552	11890483	2739348	1003713	574022	363862	417717	373141	206131	105125	50898	48847	67911	112132	139126	44266	25517	10631	1936	4766	9002	14736	69999	120174	7068	3925	885	284	93	45	12	2	9187	27560	62594	3911	1123	611	121	5	0	0	0	0	0	0	0	0	0	59325	113709481
moss_0.01_4x_17.hist	71391605	12764685	2244059	872620	484017	301622	252994	124298	76706	87751	102358	115663	50557	27946	18817	27228	43189	57655	16164	8799	16620	27209	21410	6263	1328	4251	10118	26980	14379	7188	2128	631	251	28	7	0	6335	28328	5664	313	103	41	20	6	0	0	0	0	0	29091	114523632
moss_0.0_8x_17.hist	61850617	25778479	5413285	1978171	1127783	713363	628262	447019	176012	163198	190366	215112	82586	45653	54326	78612	118918	49548	10026	24680	46617	43595	18890	10497	22430	71776	16206	5218	1738	868	48314	35759	14302	1648	667	30561	8785	4791	957	7871	25383	10401	5520	2069	343	113	49	15	29426	18467	116240212
moss_0.0_2x_30.hist	49533751	11371897	1917868	821868	458288	286451	305618	150154	89749	102672	119763	135331	71169	39341	20357	29456	46723	62373	31223	16998	11025	10181	48362	56952	3349	1859	418	133	41495	20746	6146	1825	729	83	25	0	31597	18286	3656	202	66	26	12	3	0	0	0	0	0	40862	114498052
moss_0.001_8x_17.hist	63227207	24721987	4599158	1746751	980364	614998	504657	247944	189155	216393	225857	111386	42763	68128	84528	101617	58578	24406	20775	51138	33169	10364	22381	43518	47905	26613	6008	1933	643	320	64492	32645	13057	1505	477	28	7	2	33268	23557	7851	3216	1706	638	105	34	14	3	0	48920	111284482
moss_0.01_8x_30.hist	66345324	5239284	1199377	470438	243089	152313	153786	132262	80734	92359	54359	41996	58387	33312	32085	35794	20633	13038	27449	14943	9692	12606	16557	4843	4016	12851	8898	2864	953	7571	9391	2789	1114	2206	11550	720	206	111	7757	3685	1227	502	265	6472	2324	773	345	114	37	9227	102530996
moss_0.001_2x_17.hist	66317276	11221761	2569657	945617	540121	341971	406081	350696	138085	70422	69436	78462	109085	125481	64932	20659	11908	4960	6621	16298	30784	50397	104668	30626	1800	999	224	71	22	10	2	0	20468	61405	19537	1220	349	189	36	1	0	0	0	0	0	0	0	0	0	59743	110998240
moss_0.001_4x_30.hist	53547862	7515898	1595535	667571	346798	214033	211875	189265	177745	90648	58910	66567	80192	44329	22938	30233	47954	62000	9862	9373	17703	28982	42052	12304	1328	4250	10115	26972	8989	4493	1330	394	16263	13720	4364	1841	528	287	56	11829	10493	4299	2281	854	141	46	19	5	0	22632	104620326
moss_0.01_8x_17.hist	68693031	21199127	2844570	1202281	644179	392802	190652	165488	249972	127484	61724	51306	71330	90428	46793	16607	26341	35164	48853	26597	17251	5390	23467	45630	9136	5074	1144	367	28535	16227	4807	1427	569	64	22855	7692	2210	1204	239	12	2245	13845	7348	2754	458	151	67	21	6	17480	106216839
moss_0.001_2x_30.hist	50791960	11400909	1895150	811521	451581	281921	278228	136697	88513	101258	118114	133468	78833	43578	22549	15646	24818	33130	69748	37972	24630	7695	12915	25113	27065	15035	3394	1092	23874	26986	7994	2374	948	108	33	1	14840	29779	5954	329	108	43	22	7	0	0	0	0	0	41255	114747900
moss_0.001_1x_17.hist	69939499	18626466	4346514	1587883	739502	474390	166151	148420	224190	256472	299167	338057	163464	90362	46758	14876	8575	3571	567	563	1064	1741	8269	16078	34357	109942	136115	43832	14609	7303	2163	641	255	28	8	0	0	0	0	0	0	0	0	0	0	0	0	0	0	129815	146466009
moss_0.0_4x_17.hist	65562733	13196965	3025751	1107369	632432	400391	455262	393057	154765	78929	83473	94323	131137	109521	56673	18031	12419	16578	34901	85911	60769	18989	8227	2406	3046	9747	23198	61860	22963	11480	3400	1009	402	45	13	0	40933	28163	5631	311	102	41	20	6	0	0	0	0	0	48627	116579887
moss_0.0_8x_30.hist	53126725	6489988	1498921	599419	308898	194789	214174	191318	124623	99438	112016	55243	39817	65743	41738	29114	32670	43613	32370	17622	18418	30152	24246	7093	7268	23258	15879	5112	1703	21536	6380	1894	4493	11019	3505	1100	10325	5630	1125	6892	2296	940	498	10945	3127	1041	465	154	50	14371	102372661
moss_0.0_1x_17.hist	59007774	10458711	1807856	778742	440534	277529	467767	381793	150330	76667	37119	18305	20608	34026	42217	61090	96900	113483	18053	9827	6373	1990	861	251	453	1449	3448	9195	87146	43572	12909	3834	1532	175	54	2	0	0	0	0	0	0	0	0	0	0	0	0	0	68040	104499264
moss_0.01_2x_30.hist	65250121	6844806	1284904	542591	289953	176492	102606	91656	138447	115919	56124	27678	25312	41793	51853	51743	29827	12427	3116	7670	14488	23718	30231	8845	519	287	63	19	22664	13363	3958	1175	469	53	15	0	0	25019	5002	276	91	36	18	5	0	0	0	0	0	21665	105918024
moss_0.001_1x_30.hist	50714090	9755485	1655985	711250	399115	250344	372672	183098	72094	50795	59250	66951	93082	125601	64994	20678	11919	4965	5420	13342	25201	41256	78712	23031	1353	751	168	53	16	7	1	0	49977	29322	9328	582	166	89	16	0	0	0	0	0	0	0	0	0	0	49413	104767080
moss_0.06_4x_23.hist	96989088	1633479	273267	110487	51116	32303	31083	18749	7381	8443	9848	5304	7373	4986	2579	1808	2866	3826	3047	1658	1074	390	1854	3604	2335	1296	291	92	187	2625	3038	901	359	40	11	0	0	2493	842	45	14	4	1	0	0	820	685	227	74	43	103360401
moss_0.06_8x_20.hist	96974087	1513559	297690	112521	55394	34648	22610	11390	16364	8345	9013	4444	5692	6175	3194	1988	3153	4201	667	1496	2825	2169	939	1395	2980	1654	372	118	2452	1703	503	148	631	1894	601	36	9	759	1342	73	23	8	3	1191	197	64	28	8	1	881	102664314
moss_0.06_2x_30.hist	97078925	1380897	297116	107214	59533	37121	28725	14112	6900	7892	9205	10401	4049	2237	2179	3153	5001	6277	997	542	350	301	1430	2779	4628	2570	579	185	60	29	7	1	5769	1088	345	20	4	1	0	0	0	0	0	2086	624	207	91	29	8	248	103435277
moss_0.06_4x_25.hist	96771219	1516919	282784	109853	51898	32762	31574	15512	7611	8707	10155	8921	3424	3077	3817	5218	3007	1252	855	2103	3972	2091	905	483	1031	3299	2324	747	248	123	1602	2109	842	96	29	0	0	2850	569	30	9	2	0	0	0	818	804	267	88	51	103257975
moss_0.06_4x_30.hist	96777500	1478054	294312	109602	57450	34924	22763	20333	12993	6625	7664	8659	3341	4147	5145	3986	2297	956	1977	2110	3986	2006	868	304	650	2080	3905	1256	417	207	60	17	2719	1293	410	24	6	2	729	1401	466	190	99	36	5	0	881	385	127	75	103552966
moss_0.06_2x_23.hist	97177130	1484158	320978	113946	62179	39268	33490	25930	10209	5205	4056	4583	6371	10518	5442	1730	996	414	745	1833	3461	5054	2189	639	170	545	1297	2308	768	383	836	1671	2831	325	102	5	0	0	1434	951	316	128	67	24	3	0	0	0	0	1910	103323266
moss_0.06_2x_20.hist	98074518	1497863	333133	117284	62903	39916	28569	25519	18363	9364	4532	2587	3596	5936	7365	5212	3004	1250	201	495	935	1530	7271	2126	124	67	14	3	1900	4063	1203	356	141	15	3	0	0	2078	2816	155	50	19	9	2	0	0	0	0	0	1771	103727897
moss_0.06_8x_30.hist	96745972	1503487	285794	108856	53342	33416	19648	17550	13193	7436	8673	6354	3715	6133	3172	2323	3683	3982	632	1115	2106	3447	1784	521	1041	3332	1237	397	281	2228	952	281	160	479	2395	148	41	21	550	877	291	118	61	333	540	179	79	25	340	533	103560716
moss_0.06_1x_23.hist	97830838	1280893	296153	104585	56467	35660	33532	24760	9748	4970	5797	6549	9105	6969	3605	1146	659	377	794	1953	3689	6039	4824	1410	81	44	9	1	0	0	0	0	8090	1591	505	30	7	3	0	0	0	0	0	0	0	0	0	0	0	2660	103032969
moss_0.06_1x_30.hist	96787403	1220246	269888	98466	54526	33946	30752	15108	5947	6642	7747	8754	3359	2142	2656	3843	6095	5692	904	491	317	98	410	797	1703	5450	4652	1497	498	248	72	20	7	0	0	739	2525	1376	274	14	3	0	0	0	0	0	0	0	0	2236	101828966
moss_0.06_2x_25.hist	96834224	1396165	297485	111242	52740	33459	27232	24325	14108	7194	4185	4728	6572	8761	4532	1441	829	539	1134	2792	5273	4338	1879	548	31	16	2	0	3124	4210	1246	369	146	15	4	950	776	422	83	3	0	0	0	2257	375	124	54	17	4	124	102949357
moss_0.06_8x_23.hist	96771530	1484423	292317	110351	54965	34108	21893	19556	9613	9546	9473	4671	6122	5446	2817	2464	3907	2396	1321	3252	2108	657	1276	2480	2048	1137	710	1894	1785	891	263	77	3011	346	109	5	0	1921	444	23	6	1	0	1303	216	71	30	9	2	908	102983336
moss_0.06_8x_25.hist	96725373	1483715	289183	109425	54335	33789	20753	18538	9927	11355	6672	6305	5703	3676	4560	3744	2157	1679	3535	2215	1435	748	3092	903	1930	1999	585	1560	1571	784	231	67	2948	339	106	5	948	842	167	128	723	295	155	57	418	464	207	68	21	415	103185958
moss_0.06_4x_20.hist	98087097	1537546	308588	113827	60923	37123	16131	13298	20086	10242	4958	4125	5734	7609	3936	1726	2737	3654	2450	1333	863	597	2835	5513	323	178	39	11	1172	4675	1384	410	163	17	4	0	0	3067	612	33	10	3	81	483	79	25	645	571	189	112	103363807
moss_0.06_1x_20.hist	97088047	1195134	238966	99558	51034	30088	17147	8423	3763	4304	5020	5671	7884	13017	6735	2142	1233	513	87	215	406	663	3152	6128	3596	1997	449	143	46	22	5	0	154	461	6579	410	116	62	11	0	0	0	0	0	0	0	0	0	0	2310	101723438
moss_0.06_1x_25.hist	95796926	1219284	232042	96705	49624	29283	12863	6318	7941	9084	10595	11972	8433	4661	2411	766	1145	1528	3216	2204	1428	445	569	1106	2363	7562	1706	548	181	89	25	6	1	0	0	2916	1830	997	198	10	2	0	0	0	0	0	0	0	0	2318	100897560
