sample	r1	r2	r3	r4	r5	r6	r7	r8	r9	r10	r11	r12	r13	r14	r15	r16	r17	r18	r19	r20	r21	r22	r23	r24	r25	r26	r27	r28	r29	r30	r31	r32	r33	r34	r35	r36	r37	r38	r39	r40	r41	r42	r43	r44	r45	r46	r47	r48	r49	r50	genome_length
moss_0.05_8x_1.hist	93605942	2048308	413278	157826	77971	48777	31988	28573	20669	11026	12861	10204	5412	7617	3941	4427	5896	2455	1555	3828	2482	2733	2523	737	1407	4503	1093	351	181	2535	2318	688	274	30	2981	1369	392	213	1058	2143	713	291	153	862	1356	451	201	66	21	2388	102909289
moss_0.1_4x_1.hist	102341252	791643	79577	32077	17690	10986	6124	3007	2132	2438	2270	1118	428	283	350	465	267	110	16	8	10	16	78	28	0	0	0	0	0	0	0	0	0	0	0	0	0	0	0	0	0	0	0	0	0	0	0	0	0	0	104003194
moss_0.15_1x_1.hist	103575340	0	0	0	0	0	0	0	0	0	0	0	0	0	0	0	0	0	0	0	0	0	0	0	0	0	0	0	0	0	0	0	0	0	0	0	0	0	0	0	0	0	0	0	0	0	0	0	0	0	103773364
moss_0.2_8x_1.hist	103894395	0	0	0	0	0	0	0	0	0	0	0	0	0	0	0	0	0	0	0	0	0	0	0	0	0	0	0	0	0	0	0	0	0	0	0	0	0	0	0	0	0	0	0	0	0	0	0	0	0	103894395
moss_0.15_2x_1.hist	103916067	0	0	0	0	0	0	0	0	0	0	0	0	0	0	0	0	0	0	0	0	0	0	0	0	0	0	0	0	0	0	0	0	0	0	0	0	0	0	0	0	0	0	0	0	0	0	0	0	0	103916067
moss_0.1_1x_1.hist	102187878	842429	77646	29709	17251	11011	3035	2710	4092	4681	2265	1116	427	235	120	37	20	14	29	70	133	216	92	26	0	0	0	0	0	0	0	0	0	0	0	0	0	0	0	0	0	0	0	0	0	0	0	0	0	0	104171957
moss_0.05_2x_1.hist	94309780	1971362	401963	157274	73077	46340	42181	37679	20661	10536	7718	8720	12123	6700	3466	1860	2950	3937	7814	4253	2758	860	372	454	971	3106	4587	1476	491	244	1018	2036	2777	319	100	5	0	0	6712	371	122	49	25	8	0	0	0	1753	2369	1420	103327892
moss_0.2_4x_1.hist	103880028	0	0	0	0	0	0	0	0	0	0	0	0	0	0	0	0	0	0	0	0	0	0	0	0	0	0	0	0	0	0	0	0	0	0	0	0	0	0	0	0	0	0	0	0	0	0	0	0	0	103880028
moss_0.2_2x_1.hist	103617234	0	0	0	0	0	0	0	0	0	0	0	0	0	0	0	0	0	0	0	0	0	0	0	0	0	0	0	0	0	0	0	0	0	0	0	0	0	0	0	0	0	0	0	0	0	0	0	0	0	103617234
moss_0.1_2x_1.hist	102375731	791910	78717	31577	17684	11080	6964	6220	2528	1288	622	702	976	1137	587	185	106	43	10	24	45	74	50	13	0	0	0	0	0	0	0	0	3	9	1	0	0	0	0	0	0	0	0	0	0	0	0	0	0	0	104202222
moss_0.1_8x_1.hist	102350998	696244	86114	35078	16672	10426	5919	2907	3153	2428	1174	964	987	544	280	150	219	90	13	22	26	42	75	20	2	6	13	3	0	0	0	0	0	0	0	0	0	0	0	0	0	0	0	0	0	0	0	0	0	0	103797161
moss_0.2_1x_1.hist	103624515	0	0	0	0	0	0	0	0	0	0	0	0	0	0	0	0	0	0	0	0	0	0	0	0	0	0	0	0	0	0	0	0	0	0	0	0	0	0	0	0	0	0	0	0	0	0	0	0	0	103822025
moss_0.05_1x_1.hist	94055785	1737598	376182	150673	67275	42680	38791	29750	11713	11012	12844	14513	12514	6916	3578	1137	654	527	1108	2728	5153	8435	5239	1532	89	48	9	2	0	0	0	0	1450	4351	8859	552	157	85	16	0	0	0	0	0	0	0	0	0	0	8074	101765422
moss_0.15_8x_1.hist	103690228	0	0	0	0	0	0	0	0	0	0	0	0	0	0	0	0	0	0	0	0	0	0	0	0	0	0	0	0	0	0	0	0	0	0	0	0	0	0	0	0	0	0	0	0	0	0	0	0	0	103690228
moss_0.15_4x_1.hist	104012561	0	0	0	0	0	0	0	0	0	0	0	0	0	0	0	0	0	0	0	0	0	0	0	0	0	0	0	0	0	0	0	0	0	0	0	0	0	0	0	0	0	0	0	0	0	0	0	0	0	104012561
moss_0.05_4x_1.hist	93523553	2392182	389670	159863	77886	47535	36007	32164	21143	10781	10145	11463	7845	4336	4806	6953	4007	1838	3869	3015	1954	609	2870	5580	681	950	2260	727	241	119	2129	4258	1702	195	61	2	0	783	4998	276	91	36	18	5	1667	935	418	138	45	2875	103490217
moss_0.0_8x_1.hist	53038556	6783535	1553287	625890	320155	202028	253244	130508	176300	89912	79590	89935	40504	41420	51391	42560	24628	32877	44579	24270	15741	11109	40484	11845	4973	15913	19009	6120	2039	14789	9642	2863	4381	13142	8058	502	143	2295	16997	943	1002	409	216	12652	2615	870	389	128	41	16187	98560320
moss_0.0_4x_1.hist	52146865	8053859	1673293	706155	376654	229659	199849	178521	210062	107130	53861	60862	84616	56704	29342	28192	44718	59697	9496	15146	28609	45822	19855	5808	3562	11398	27126	19468	6488	3243	959	284	20875	15760	5013	312	88	47	8	5366	16073	6586	3495	1309	217	71	31	9	2	22699	102012157
moss_0.0_1x_1.hist	51445021	10022578	1810910	774953	430419	268428	310331	152469	60033	62480	72880	82353	114495	129404	66962	21305	12280	5115	7788	19171	36212	59283	61903	18112	1064	590	132	41	12	5	6957	13914	68024	7846	2495	154	43	22	3	0	0	0	0	0	0	0	0	0	0	57690	106285800
moss_0.0_2x_1.hist	50606276	10924416	1950044	830744	455560	281975	221780	108962	122371	139991	163295	107183	41149	22746	22227	32163	51017	68105	52599	28636	18573	5803	3816	7420	15856	50740	31643	10189	3395	1696	501	148	6008	18023	5733	700	26303	14346	2868	158	51	20	9	2	0	0	0	0	0	43591	110187494
