sample	r1	r2	r3	r4	r5	r6	r7	r8	r9	r10	r11	r12	r13	r14	r15	r16	r17	r18	r19	r20	r21	r22	r23	r24	r25	r26	r27	r28	r29	r30	r31	r32	r33	r34	r35	r36	r37	r38	r39	r40	r41	r42	r43	r44	r45	r46	r47	r48	r49	r50	genome_length
rotifer_0.1_2x_1.hist	100538250	0	0	0	0	0	0	0	0	0	0	0	0	0	0	0	0	0	0	0	0	0	0	0	0	0	0	0	0	0	0	0	0	0	0	0	0	0	0	0	0	0	0	0	0	0	0	0	0	0	100538250
rotifer_0.05_8x_1.hist	98443602	753422	110493	44592	20493	12806	8662	4254	2670	3054	1607	1388	1377	760	510	737	423	564	337	182	235	384	165	47	50	161	249	79	25	11	174	144	56	5	0	25	187	101	19	0	0	0	141	53	7	1	0	0	0	66	100493671
rotifer_0.2_8x_1.hist	100608369	0	0	0	0	0	0	0	0	0	0	0	0	0	0	0	0	0	0	0	0	0	0	0	0	0	0	0	0	0	0	0	0	0	0	0	0	0	0	0	0	0	0	0	0	0	0	0	0	0	100608369
rotifer_0.05_1x_1.hist	98796324	881286	98344	40931	22370	13817	13662	6711	2641	1346	650	319	367	605	750	1084	1719	1218	192	104	66	19	9	17	36	115	273	396	131	64	18	4	0	0	256	338	96	51	9	0	0	0	0	0	0	0	0	0	0	271	101192129
rotifer_0.2_4x_1.hist	100972205	0	0	0	0	0	0	0	0	0	0	0	0	0	0	0	0	0	0	0	0	0	0	0	0	0	0	0	0	0	0	0	0	0	0	0	0	0	0	0	0	0	0	0	0	0	0	0	0	0	100972205
rotifer_0.05_2x_1.hist	98707230	835490	100449	40612	21337	12830	5742	2820	2221	2540	2962	2487	953	526	271	269	426	568	922	501	324	100	42	11	12	37	88	233	330	164	47	13	4	0	0	0	0	0	205	193	63	25	12	3	0	0	0	0	0	219	100978506
rotifer_0.15_4x_1.hist	100388242	568476	47956	15955	6351	3669	4	3	3	3	2	2	1	2	1	1	1	0	0	0	0	0	0	0	0	0	0	0	0	0	0	0	0	0	0	0	0	0	0	0	0	0	0	0	0	0	0	0	0	0	100932283
rotifer_0.1_1x_1.hist	99750554	0	0	0	0	0	0	0	0	0	0	0	0	0	0	0	0	0	0	0	0	0	0	0	0	0	0	0	0	0	0	0	0	0	0	0	0	0	0	0	0	0	0	0	0	0	0	0	0	0	99944573
rotifer_0.05_4x_1.hist	98560390	758347	104966	42999	20843	12522	6891	6154	2422	1772	2066	2333	1177	649	335	428	678	905	235	127	81	69	328	637	49	26	4	0	28	391	114	33	12	0	0	0	0	214	238	12	3	0	0	0	0	61	73	23	6	3	100550456
rotifer_0.2_1x_1.hist	100836951	0	0	0	0	0	0	0	0	0	0	0	0	0	0	0	0	0	0	0	0	0	0	0	0	0	0	0	0	0	0	0	0	0	0	0	0	0	0	0	0	0	0	0	0	0	0	0	0	0	101026560
rotifer_0.2_2x_1.hist	100619582	0	0	0	0	0	0	0	0	0	0	0	0	0	0	0	0	0	0	0	0	0	0	0	0	0	0	0	0	0	0	0	0	0	0	0	0	0	0	0	0	0	0	0	0	0	0	0	0	0	100619582
rotifer_0.1_4x_1.hist	100240280	618857	53076	18401	9474	5890	487	355	138	69	32	15	9	14	6	4	6	1	0	0	0	0	0	0	0	0	0	0	0	0	0	0	0	0	0	0	0	0	0	0	0	0	0	0	0	0	0	0	0	0	100989898
rotifer_0.1_8x_1.hist	100553433	0	0	0	0	0	0	0	0	0	0	0	0	0	0	0	0	0	0	0	0	0	0	0	0	0	0	0	0	0	0	0	0	0	0	0	0	0	0	0	0	0	0	0	0	0	0	0	0	0	100553433
rotifer_0.15_2x_1.hist	100265790	0	0	0	0	0	0	0	0	0	0	0	0	0	0	0	0	0	0	0	0	0	0	0	0	0	0	0	0	0	0	0	0	0	0	0	0	0	0	0	0	0	0	0	0	0	0	0	0	0	100265790
rotifer_0.15_8x_1.hist	100307983	571098	48178	16029	6377	3680	4	3	3	3	2	2	1	2	1	1	1	0	0	0	0	0	0	0	0	0	0	0	0	0	0	0	0	0	0	0	0	0	0	0	0	0	0	0	0	0	0	0	0	0	100839957
rotifer_0.15_1x_1.hist	101140081	0	0	0	0	0	0	0	0	0	0	0	0	0	0	0	0	0	0	0	0	0	0	0	0	0	0	0	0	0	0	0	0	0	0	0	0	0	0	0	0	0	0	0	0	0	0	0	0	0	101328321
rotifer_0.0_2x_1.hist	85482539	3323713	605973	238737	126014	76036	41017	36639	55343	32914	15935	16664	16169	8937	5185	7502	11900	15885	2526	1374	890	374	1778	3457	7386	6124	1381	444	147	72	20	5	993	2979	4311	268	76	40	7	0	0	2212	2002	749	123	40	17	4	0	3304	99747400
rotifer_0.0_4x_1.hist	85546930	3254538	590253	239305	114549	72376	78037	47095	27414	31361	25920	12782	10606	17512	9061	4224	6700	8944	6120	3331	2159	1749	8309	2678	156	363	865	2306	4276	2137	632	186	73	7	5500	342	97	52	9	861	2542	1041	551	205	33	10	3	0	0	3316	99642200
rotifer_0.0_1x_1.hist	86048965	3629112	684825	253800	143619	90491	96414	78550	30928	15772	11409	12892	17922	25628	13261	4218	2430	1011	1164	2864	5409	8854	10899	3188	186	102	22	6	1	0	0	0	3098	9294	2956	183	51	27	4	0	0	0	0	0	0	0	0	0	0	7984	100383334
rotifer_0.0_8x_1.hist	85451762	3108542	612783	237239	119485	74916	53723	47989	41549	21189	24715	19082	7924	13082	10554	8974	5172	3870	8146	5072	3289	1410	6700	1968	539	1725	4105	1417	471	234	2993	2195	877	100	30	2487	714	1485	1053	57	18	6	1873	1375	228	75	32	9	2	2043	99204694
