sample	club-moss_0.001_1x_1	club-moss_0.001_2x_1	club-moss_0.001_4x_1	club-moss_0.001_8x_1	club-moss_0.002_1x_1	club-moss_0.002_2x_1	club-moss_0.002_4x_1	club-moss_0.002_8x_1	club-moss_0.004_1x_1	club-moss_0.004_2x_1	club-moss_0.004_4x_1	club-moss_0.004_8x_1	club-moss_0.006_1x_1	club-moss_0.006_2x_1	club-moss_0.006_4x_1	club-moss_0.006_8x_1	club-moss_0.008_1x_1	club-moss_0.008_2x_1	club-moss_0.008_4x_1	club-moss_0.008_8x_1	club-moss_0.01_1x_1	club-moss_0.01_2x_1	club-moss_0.01_4x_1	club-moss_0.01_8x_1	club-moss_0.02_1x_1	club-moss_0.02_2x_1	club-moss_0.02_4x_1	club-moss_0.02_8x_1	club-moss_0.0_1x_1	club-moss_0.0_2x_1	club-moss_0.0_4x_1	club-moss_0.0_8x_1
club-moss_0.001_1x_1	0.0	0.0	0.0	0.0	0.0025428577834609445	0.00176368388712763	0.0011924940828317847	0.0010427166114548676	0.0038143572462208384	0.0032794668524466987	0.002647254476278222	0.0024472428303673574	0.005667051289003175	0.004837111964196479	0.004145105450049916	0.0039580949992114095	0.007239813660723991	0.006347532238038721	0.005667048880666518	0.005443390681367539	0.008627048493711556	0.008061221042974461	0.007240694293134759	0.006962264049049631	0.01728579356893586	0.01671810088856232	0.0156528994767271	0.01532548373640719	0.0006600739881112877	0.0	0.0	0.0
club-moss_0.001_2x_1	0.0	0.0	0.0	0.0	0.002067263178069925	0.001245310081133091	0.0006777878367763607	0.0006351512937204704	0.0033887174667962005	0.002937242591286432	0.0021300316400530567	0.002051872727140681	0.005046379551386191	0.0044933972143234285	0.0036423358494930107	0.0036544388066640544	0.006820570222820976	0.006014216532643327	0.005331530515768603	0.005149716377860737	0.008274505537182408	0.007703106570397991	0.00692391357529	0.006696490507617745	0.016977964782324422	0.016299125212486172	0.015332329266656395	0.014946058432567544	0.0	0.0	0.0	0.0
club-moss_0.001_4x_1	0.0	0.0	0.0	0.0	0.0010666411256499595	0.0	0.0	0.0	0.0026507446534765828	0.0020789140311238286	0.0013104812441410989	0.0018716805371283413	0.004401905498465466	0.003666880639893801	0.0029528808656836894	0.0035129195458207833	0.0062445820382924224	0.005276887864305955	0.004727332126227438	0.005083797422179822	0.007561705363565945	0.0069375615047520284	0.006297084702212033	0.006571186014777766	0.01646779316505863	0.015786145742425248	0.014922324945799674	0.015356798118860466	0.0	0.0	0.0	0.0
club-moss_0.001_8x_1	0.0	0.0	0.0	0.0	0.0011835688995202613	0.0004461442378253478	0.0	0.0020558382135183015	0.0027737487582013597	0.0021920286707461153	0.0018925043372625253	0.0035369012212708374	0.0044441029863638805	0.0039159196272942455	0.0036096618548062303	0.005226859418826606	0.006468168998159633	0.005571609201156522	0.005278607783528347	0.006761509201976218	0.007738988107405796	0.007251534052115838	0.006983635649063976	0.008203660910854154	0.016791615620745375	0.016152233635883854	0.015821374285256165	0.017222560395030836	0.0	0.0	0.0	0.0
club-moss_0.002_1x_1	0.002543181598474127	0.002150730427473837	0.001104573924902076	0.0011831358110105745	0.0	0.0	0.0	0.0	0.004794623663406812	0.004323664479832031	0.0036007633810988546	0.0034491878018240454	0.006509446239437041	0.0058037830186882175	0.005071137711238237	0.004872788041543154	0.008141689670041858	0.007268405261744535	0.006589671528863642	0.0062969843665339024	0.00952167030799794	0.008868749683929622	0.008186679662022498	0.00783636666542722	0.01804808468571959	0.017593262252682075	0.016610435971830494	0.016196765696384886	0.0016291922665245737	0.0012585690922154668	0.00047787883467526363	0.0004073377075818424
club-moss_0.002_2x_1	0.0016967471911733345	0.00124635801277511	0.0	0.0004297582150308502	0.0	0.0	0.0	0.0	0.00407533711717471	0.003610564921658301	0.0028199156043289117	0.0028180319707307873	0.005762597554552009	0.005123850784243475	0.0042873947242482065	0.004327716012165168	0.0075295152196991535	0.006598458808525631	0.0060002543631337705	0.005897279908307305	0.008842259671433398	0.008303306781153515	0.007525043864749622	0.007389226551260982	0.017511367869014412	0.01676392631459846	0.015897436119241264	0.01570006410088886	0.0009045245109642015	0.000495216613352531	0.0	0.0
club-moss_0.002_4x_1	0.0011431343435352114	0.0006754916670760347	0.0	0.0	0.0	0.0	0.0	0.0	0.0035868757018589414	0.002955261374068736	0.0021955342217126073	0.002486694181773965	0.0052461812799928014	0.004538322800022627	0.003736528309267014	0.004059223418815457	0.0071866698715092985	0.006098560277678082	0.0054673705471429395	0.005605779946426156	0.008469469152368356	0.007814017732307365	0.00701614751052551	0.0071511643694575034	0.017053730667111952	0.01631549003617117	0.015467325047900963	0.01573828057536484	0.0	0.0	0.0	0.0
club-moss_0.002_8x_1	0.001042588469066022	0.0006595060292571215	0.0	0.002054826084313099	0.0	0.0	0.0	0.0	0.0036141697869785275	0.0031198769760584087	0.002769317288724576	0.004387871867432607	0.005350074169220755	0.004789438318567469	0.004444162100127045	0.006029195885802072	0.007260428152716704	0.006381012820755349	0.006183168730729004	0.007483758045766944	0.008539545365235029	0.0081412856479402	0.007754438527230302	0.009100532841045287	0.017424866005581668	0.01678423584514897	0.016522397915815817	0.01800406269523988	0.0	0.0	0.0	0.000515744672943201
club-moss_0.004_1x_1	0.003819250526457228	0.0035285054013088645	0.002747917538507717	0.0027772816381855434	0.004800109183769188	0.004239259860140194	0.00374521938423717	0.0036217271829456893	0.0	0.0	0.0	0.0	0.007602370500192716	0.007209247275067112	0.006599716365848249	0.006588266737823725	0.009458534077806379	0.00888184751633422	0.008180759327481262	0.007903074119460587	0.010704218600900027	0.010389833366495512	0.009618135623069159	0.009465657162405943	0.01901074236344456	0.018636412768535778	0.01774923518475781	0.01741530939324892	0.003062270576347299	0.002849240676723922	0.0021403617706085114	0.0019913204624997898
club-moss_0.004_2x_1	0.0031602314915404797	0.002943648468917911	0.002075582988467342	0.002116311025639198	0.004166820322230122	0.0036154187995306236	0.0029722121059330077	0.0030150470709220892	0.0	0.0	0.0	0.0	0.00730881778373528	0.0066793789778827545	0.0059205848860459835	0.005910389174899225	0.009144867748647506	0.008245696057100226	0.007666134895364911	0.0074923686696277405	0.010313192557107942	0.009727273864710357	0.009014767776804829	0.00875535255120683	0.01891865816188844	0.01826780570507606	0.017344783609275844	0.01718769241884315	0.002448899736038099	0.002228940088216389	0.0014346227991984943	0.001281675098515463
club-moss_0.004_4x_1	0.0025413797292510314	0.0021253354488012977	0.0013028466902570864	0.0018245204841836427	0.0034567510624737376	0.0028112429512195457	0.002198303214225028	0.0026719803516410735	0.0	0.0	0.0	0.0	0.006600918871616791	0.006017727369884031	0.005331769835532089	0.005758765617360052	0.008487603103358611	0.007569264665104771	0.007072771597392786	0.007274995775519375	0.009742694131897617	0.0092159346514263	0.00844909810856478	0.008662585604343477	0.018303099715149533	0.017637833326821107	0.016974387680061778	0.017112992160264726	0.001728781044762403	0.001312127241203848	0.0006273038402383441	0.0007486122289843762
club-moss_0.004_8x_1	0.0024437042484442006	0.0021272521345700006	0.0019265163228991001	0.0035326777054891074	0.0034430269673963645	0.002917967366319597	0.0025788918514101714	0.004384787343085619	0.0	0.0	0.0	0.0	0.006609444035069842	0.006154693364440284	0.0059097267287913	0.007442675815274547	0.008577004961989165	0.007908329141253395	0.00769785476059403	0.008975960279108654	0.009738816922540278	0.0093133397352324	0.00911701586150483	0.010386964698332	0.01866292283344776	0.01813668811531611	0.017925164802008516	0.019260417675525256	0.0015779073010318112	0.0013555626110383961	0.0013279252883782414	0.002054911075045332
club-moss_0.006_1x_1	0.005682046554015317	0.005259515113901622	0.004568592685707962	0.004457633601749513	0.006525719339362671	0.005999960277784842	0.005483327162765112	0.0053703841575855685	0.007612712502299601	0.007596715641134433	0.006888397643036173	0.006641282790395586	0.0	0.0	0.0	0.0	0.01094745956897356	0.01041648406200704	0.009891422121615973	0.009639905911281053	0.012368887858000277	0.01218281409962974	0.011364083920813664	0.010965002760976363	0.02054028129671777	0.020063035119772542	0.01934328858025842	0.018894486332015605	0.004865674619569757	0.0046659789521523885	0.003965815164829945	0.003738323622285613
club-moss_0.006_2x_1	0.0046689801049235365	0.00450906594119866	0.0036665044746257043	0.0037887021879638915	0.00560247835154237	0.005137457596442514	0.00457057672063097	0.004638001221627618	0.006953736854259917	0.006688130980366646	0.006052860206058405	0.00596773709759156	0.0	0.0	0.0	0.0	0.010339538969281943	0.009624477320785035	0.00918461342767452	0.009059506915837656	0.011636574303463938	0.011235270208775985	0.01067293867753434	0.010392266579402686	0.02011127777174725	0.019325178971757128	0.018660897401870942	0.018533937391936667	0.003907747370459441	0.0037715481992762544	0.0030638141393460184	0.0029605838096471585
club-moss_0.006_4x_1	0.003985794097960891	0.0036390819765366638	0.002939960366218978	0.0034868926953215036	0.004876335995862545	0.004279909495441692	0.003746315914903761	0.004296274498199283	0.006341079182079191	0.005902108972296787	0.005338995372770393	0.00571957377935183	0.0	0.0	0.0	0.0	0.009790749995154452	0.009020816117237594	0.008489727066444816	0.008767997409701073	0.0109542022714022	0.010539063357752317	0.009994855241692094	0.010180198417165482	0.019336352237798407	0.018904026705560316	0.018226193475361148	0.018630518984367392	0.00324763034006035	0.0028601920523914724	0.0022980876635402656	0.0024670343046850943
club-moss_0.006_8x_1	0.003947648690151718	0.003783015179993378	0.0036118537194710226	0.005217182051748392	0.004858643369037626	0.004474866640818008	0.004204637406550564	0.006020979721619932	0.0065603172529575945	0.006099373350143696	0.00595443837461029	0.007437751920846538	0.0	0.0	0.0	0.0	0.009929972173809812	0.009355368248892755	0.009213141565121128	0.0104774943051762	0.011240582982425628	0.010909008913299245	0.01066795049490704	0.011910982567395114	0.019786490325069097	0.019349270753907882	0.01924030914205745	0.020464162150291346	0.0033353534237173044	0.003048357399896135	0.003061709991161008	0.0037202513347607976
club-moss_0.008_1x_1	0.007265912430464387	0.007112047537428157	0.006485352697187723	0.006496062716834662	0.008169789917355003	0.007843408758752344	0.007515156339042342	0.007296615377972744	0.009480431421774509	0.009509323058353517	0.008861303656712026	0.008627703443989174	0.010958020456157166	0.01073414052420929	0.01020408362064308	0.009996866498544293	0.0	0.0	0.0	0.0	0.013860674492721443	0.013880787117457646	0.01325346675932712	0.012853542771327239	0.02223069287661981	0.021693100026306596	0.021053081962629023	0.02048720017638604	0.006772046447604711	0.006485501998385768	0.005934405902481333	0.005734875787094201
club-moss_0.008_2x_1	0.00613606574650943	0.006041979599642715	0.005283111570420808	0.005400469322326262	0.007026771877091957	0.0066234782373899995	0.006148998495912887	0.006190150843353651	0.008580428194595695	0.008265866593274938	0.007622102628838834	0.007681390091283872	0.010053688421461206	0.009635442508367719	0.009071113796738995	0.009097268387961608	0.0	0.0	0.0	0.0	0.013037516841005879	0.012711737639776514	0.012168127648819079	0.011882115736271112	0.02143391283773975	0.020973093185465527	0.020177167221763853	0.019913355445765	0.005555002225716979	0.005290107760008607	0.0046890024549807365	0.004537010474046995
club-moss_0.008_4x_1	0.005456486994624434	0.005331990692059981	0.004711868451323836	0.005107023563874706	0.006345112097714909	0.005995765558737783	0.0054872202350652035	0.00598666915338859	0.007871278516132963	0.007650118432816526	0.0070895337684161	0.007461469841015002	0.00950886952031814	0.00915364973034082	0.008498390256730352	0.008939551818441803	0.0	0.0	0.0	0.0	0.012351351569490103	0.012127137314873936	0.01159448771664931	0.011651758740575098	0.020829668734970712	0.02035156001117415	0.019566844142669685	0.0199094682780359	0.0048701603372856015	0.004529152936538564	0.004041718590644698	0.00412316813746652
club-moss_0.008_8x_1	0.005423109340299245	0.005323549695222788	0.005221445266578151	0.006744595350232608	0.0062722249057773965	0.006089521449468539	0.005799823610752249	0.007468674840743126	0.007862244357854988	0.007722094110249242	0.007513843130229028	0.008964160742065642	0.009576837731913	0.009320635090648764	0.009039929135931206	0.010470646596076	0.0	0.0	0.0	0.0	0.012424498720616088	0.012226573977316862	0.012020679580270806	0.013188260706686442	0.021020483438885115	0.020714997265052278	0.020564351164347225	0.021644737327596936	0.004824662433618336	0.004538142034303183	0.004619886358189129	0.005296913667349127
club-moss_0.01_1x_1	0.008668707010773734	0.00863501909366002	0.007860783705239788	0.00778316190527066	0.009566114356376615	0.009218621033141347	0.008864147287993148	0.008593650153564749	0.010742063576989286	0.010733540394805757	0.010180154988513126	0.00980893978283175	0.012395846902714636	0.012090626993442162	0.011426276062709982	0.011330012684909204	0.013877449761538645	0.013525366992125969	0.012864556549805985	0.012532412332852412	0.0	0.0	0.0	0.0	0.022756320994000972	0.02263296268475237	0.02205422542739027	0.02153176976983565	0.008083136518000564	0.007881112536847444	0.007276972584710433	0.007216284273765517
club-moss_0.01_2x_1	0.0078039210177296816	0.007746421712916856	0.00695360299687294	0.007040359526476922	0.008586152267162871	0.008343207693362662	0.007886587531195484	0.007910584262309419	0.010051557750802168	0.009761053139358208	0.009289513418638018	0.009059451215009992	0.01177627760966352	0.011259620563504328	0.010608326561594416	0.010623425248335337	0.013411231860521027	0.01272482927415273	0.012193414607209766	0.011918642657427519	0.0	0.0	0.0	0.0	0.022618754758079323	0.022270241005401568	0.021473383722765308	0.021245936818331222	0.007246519137123333	0.006892246133721133	0.006393525497878675	0.006320961573887616
club-moss_0.01_4x_1	0.006981578633453916	0.006931763291491592	0.006283572783024146	0.006767255619996484	0.00789427331567202	0.007527430275915432	0.007048968907101803	0.007519409294185744	0.009267743250220369	0.009005771269510972	0.00847801918623588	0.008849874480528751	0.010940976368383128	0.010648797735451472	0.010015574973189478	0.010365890341506832	0.01275517287307809	0.01212746397987943	0.011606670340134117	0.011691513739926954	0.0	0.0	0.0	0.0	0.022060083002181985	0.02159595373821477	0.021121078026725457	0.021355894709103096	0.0064441579042502145	0.006012560623915463	0.005676144315751289	0.005739899423908005
club-moss_0.01_8x_1	0.006931322021306592	0.006915238441834441	0.00674386120326429	0.008179625425867724	0.007800255720984739	0.007622491431624762	0.00739212127712092	0.009078294012920832	0.009411205437089131	0.009015935752423312	0.00893971581367766	0.010368803809480357	0.01088764949573041	0.010682946146083314	0.01048772278043827	0.011898008371563764	0.012752198731422209	0.012196273235703879	0.011987511655456935	0.013182479974637906	0.0	0.0	0.0	0.0	0.022197064183421857	0.02205138195457623	0.02191606691333849	0.02314925921006081	0.006457053834550652	0.006114020654516837	0.006207033767790362	0.006896990558156284
club-moss_0.02_1x_1	0.017439412341267307	0.017742013075123603	0.017147134675714513	0.016953774402689737	0.018205496284089167	0.01828244221804074	0.01786972221619458	0.017601165857548198	0.01915611024877193	0.019718086243568713	0.01914672433419142	0.01886260206368316	0.020670406774218837	0.0209274146085245	0.020193341236692648	0.020008914663615044	0.022350115493045872	0.0222701139195366	0.021718359803094372	0.02126718390648735	0.022852344511071994	0.023469090915468765	0.02296635652768791	0.022462866212045823	0.0	0.0	0.0	0.0	0.016932635539403235	0.01716947884606402	0.01657583262391722	0.016219575215953946
club-moss_0.02_2x_1	0.01629167195682194	0.01645820766987255	0.015891008929883484	0.01578524492480963	0.017146068600853537	0.016914618011791307	0.016530130680222393	0.01641290173142041	0.018149139385842717	0.018408381774975356	0.017846457876904087	0.01775142943974027	0.019521775766696173	0.01944976755493244	0.019100726476797104	0.018953982953427553	0.021098279379715538	0.02108473240620342	0.0205401236989042	0.02030841014637024	0.02199332435480881	0.022366267211040257	0.021771110102585468	0.02163063643135412	0.0	0.0	0.0	0.0	0.015541197467722792	0.015766731104709313	0.01532650651834814	0.015013517811288962
club-moss_0.02_4x_1	0.015189973856981176	0.015413545318958864	0.014953335997933087	0.015424783655488501	0.016121716754498798	0.015969740260217472	0.015599341097243742	0.016117785768048225	0.017215524935791496	0.017402848864210636	0.017098447666905485	0.017501888998410813	0.018748144319879468	0.01870149011564796	0.018335578984382414	0.018801708876674088	0.020398767628341724	0.020200781452009594	0.0196646377121924	0.020112142295401616	0.021352131577431894	0.021478983531208865	0.021204666888673757	0.02144700924862839	0.0	0.0	0.0	0.0	0.014517413241490345	0.01473579454525713	0.014495185459430389	0.014495026045295257
club-moss_0.02_8x_1	0.015315380511540744	0.015457617610277013	0.015784568301979714	0.017220562099409358	0.016185523891371317	0.01622188660968781	0.01628854721258466	0.018009983257207297	0.01738696800838611	0.01773103074161024	0.01768438508811348	0.019279031206933105	0.018843160771165286	0.01909105419450253	0.019221129752954588	0.020496296134597497	0.020417606577971918	0.020484739591844766	0.020514981611578	0.02169172784459655	0.02143703209286529	0.021829368055683196	0.0219767812797682	0.023208658611495753	0.0	0.0	0.0	0.0	0.014715807167189225	0.01490119825816548	0.01526790576247138	0.01590091689366645
club-moss_0.0_1x_1	0.0006597802463357086	0.0	0.0	0.0	0.0016282669984762485	0.0009399422523285355	0.0	0.0	0.0030569923697321695	0.0025405740957074345	0.0018002028426775838	0.0015791296909802507	0.0048506685146675384	0.004047401807693434	0.003376383567028121	0.003342323982411453	0.006744806816274606	0.005744790653563707	0.005056536834228254	0.004840241382048035	0.008040784073512277	0.0074833348882749826	0.006681343081616325	0.0064828889823875325	0.016776551430125474	0.015944806175349758	0.014957045138253395	0.014720317543523157	0.0	0.0	0.0	0.0
club-moss_0.0_2x_1	0.0	0.0	0.0	0.0	0.0012084867062268493	0.0004943752355348321	0.0	0.0	0.0027336555718894626	0.0022221952837616996	0.0013138319098818807	0.0013058804341526396	0.004472536325036574	0.003755257430422712	0.00286021485069804	0.0029412502565939725	0.00621358693566657	0.0052613644486687846	0.004524849970539647	0.004384870660575324	0.007544334709670646	0.006847946363065063	0.006000633993670899	0.005913994828504081	0.016414518396011216	0.015601994145230433	0.014647032364077616	0.014394563804493827	0.0	0.0	0.0	0.0
club-moss_0.0_4x_1	0.0	0.0	0.0	0.0	0.000462528315386529	0.0	0.0	0.0	0.002069265612653799	0.0014402586099988793	0.0006323734861204867	0.0012929377696376237	0.003829339715593008	0.00307104647196036	0.0023131927263443357	0.002984274047700598	0.005726054519763601	0.004693809626822236	0.004063635907755155	0.004507647648280895	0.007014402523374713	0.006392536272740948	0.005700299758051202	0.006060870824233626	0.015948233150666163	0.015255249060047701	0.014493519122377391	0.014884099364140937	0.0	0.0	0.0	0.0
club-moss_0.0_8x_1	0.0	0.0	0.0	0.0	0.00040220743314515453	0.0	0.0	0.000510679162724814	0.001963331323614516	0.0013112660692882483	0.0007678944519788534	0.00203640191273348	0.0036798610795840464	0.003023093570944953	0.00252602098962141	0.003689630278484068	0.005639097353189863	0.004625207248703116	0.004215857599432246	0.005257340265292716	0.007086899168456006	0.006434193522253909	0.005860724173315965	0.006849136948210899	0.01587823218587396	0.01519482060927097	0.01472085899964371	0.015754007800528196	0.0	0.0	0.0	0.0
