sample	r1	r2	r3	r4	r5	r6	r7	r8	r9	r10	r11	r12	r13	r14	r15	r16	r17	r18	r19	r20	r21	r22	r23	r24	r25	r26	r27	r28	r29	r30	r31	r32	r33	r34	r35	r36	r37	r38	r39	r40	r41	r42	r43	r44	r45	r46	r47	r48	r49	r50	genome_length
club-moss_0.0_4x_20.hist	93500597	32519833	5049711	1808088	1001799	625341	298702	146755	111619	127691	148948	75063	28818	33788	41921	60662	52287	21785	4289	10557	19941	32646	36039	10544	1182	3783	9003	24007	15376	7687	2276	675	5900	17700	5631	350	99	53	9905	13970	4655	1907	1011	378	62	19	7	1	0	25108	190597907
club-moss_0.01_8x_25.hist	128037954	16935577	2470706	944549	470378	293819	153345	136980	112516	57382	66934	54573	25854	42689	32998	13994	22197	29632	15599	10640	9177	15024	17252	5047	1738	5563	13239	8780	2925	1461	3208	6416	4636	5743	1826	113	31	9250	3981	220	72	28	3549	7137	1188	395	176	57	18	10091	199509684
club-moss_0.0_4x_HiSeq2500L150R.hist	98465237	33258717	6034566	2128307	1145921	719365	444789	218530	91036	104144	121480	137272	52701	29132	27224	39394	62487	48661	7740	4757	8985	14709	68875	20152	1184	657	1370	440	21644	35558	10534	3129	1250	143	44	1	0	18430	26104	1449	482	196	103	37	5	0	0	0	0	30545	193662425
club-moss_0.001_8x_25.hist	93542568	27074811	3612955	1381369	695994	434786	208338	186105	136451	78840	91964	71852	34463	56903	31509	41025	23649	16556	34854	19195	12449	15981	24337	7120	6056	19379	9982	3213	1434	20087	7536	2238	894	102	18709	1168	334	181	11370	3449	1148	469	248	10161	1692	563	251	82	26	13305	193118356
club-moss_0.01_4x_novaseq_profR.hist	129749425	14650342	2520767	909564	504080	313964	154048	75913	114667	97576	47243	25015	34778	57424	34766	11061	14498	19353	26035	14173	9192	2871	10528	20471	7183	3989	899	288	15138	7568	2241	665	265	29	11131	6439	1850	1008	200	10	2	8125	4312	1616	268	88	38	11	2	14061	197541723
club-moss_0.0_1x_23.hist	101730956	11675819	2415362	859376	470894	298594	217959	194699	129855	66225	32063	16200	22522	37187	46139	66765	44048	18352	2918	1588	1384	2266	10763	20928	28013	15561	3512	1130	375	186	54	15	2150	6450	32083	2004	575	312	61	2	0	0	0	0	0	0	0	0	0	32480	163324246
club-moss_0.001_2x_20.hist	106684718	14907812	2909802	1030912	560348	355812	224136	200217	149853	76424	37001	27463	38181	63043	78219	24887	14345	5976	4125	10154	19178	31397	31524	9223	541	299	66	20	25783	13783	4083	1212	483	54	16	0	4621	21097	4218	233	76	30	15	4	0	0	0	0	0	26769	168380845
club-moss_0.001_8x_23.hist	93297344	28621467	3878322	1468958	745099	464042	217830	185423	156373	79749	77088	87108	43813	37863	46978	33459	28640	15553	32743	23953	15536	4854	20656	28242	2027	6486	15437	13463	4486	2242	13168	8058	3222	370	13345	2432	698	379	13531	750	249	101	7555	5768	960	319	142	46	14	14869	190325723
club-moss_0.001_2x_HiSeq2500L150R.hist	103403011	28768168	5347450	1877996	1001466	634576	344555	307786	217841	111098	53790	26527	35027	57835	71758	78529	45268	18861	2999	7382	13944	4973	11955	23245	49672	27594	6230	2005	667	332	97	27	10	0	35023	20646	5934	3236	646	34	10	3	0	0	0	0	0	0	0	39492	199871026
club-moss_0.001_2x_novaseq_profR.hist	103690965	15145306	2936861	1038106	561585	356473	219463	196042	134455	68571	33199	36329	50507	77619	40164	12778	7787	10394	21882	34322	22262	6955	5066	9850	21048	11692	2639	848	281	139	21506	10264	4104	472	149	8	1	0	20144	3256	1084	443	234	86	13	3	0	0	0	23360	176815995
club-moss_0.01_4x_HiSeq2500L150R.hist	135395719	19959300	3433401	1246617	689119	428584	300578	147677	76813	87873	102501	82204	31559	19635	24361	35251	55628	23177	3686	5080	9596	15709	37694	11029	647	1071	2549	6796	15483	7740	2292	4584	10918	1258	399	23	5	2	12355	8700	2899	1187	629	234	38	11	4	0	0	20555	199164951
club-moss_0.0_1x_MiSeqv3L250R.hist	103105637	8336221	1928459	682128	345707	221561	124972	111635	168625	140720	68132	33600	12899	9910	12295	17790	28218	37670	31909	17371	11267	3519	4535	8817	18841	10466	2362	759	252	125	36	9	19516	17884	5689	354	100	54	9	0	0	0	0	0	0	0	0	0	0	35554	152717433
club-moss_0.001_4x_20.hist	95515557	33362375	5212146	1869544	1029603	638926	246391	121055	158206	180987	90335	44550	38445	63479	78760	33400	19253	11473	24154	45159	29291	9152	3965	5892	12590	40289	12225	3936	1311	654	6955	13910	24266	2798	889	54	14	7	5164	18152	6049	2478	1314	491	80	25	10	2	0	25655	197098360
club-moss_0.001_8x_novaseq_profR.hist	93375454	27207561	3638492	1387821	700792	436374	261872	132187	166502	84915	75454	73875	36417	60129	31114	29496	37907	15793	15205	33355	21635	6759	11218	21812	13405	7446	5227	13938	11024	5511	1631	3146	16756	1932	613	6567	3928	2141	9106	504	167	67	7093	6730	1120	372	166	54	17	14445	196610900
club-moss_0.0_2x_HiSeq2500L150R.hist	100679721	28187176	5324320	1867164	992272	629078	333872	298243	213509	108888	52720	32655	45399	74961	52656	30256	47991	64066	10191	5547	3597	2409	11444	22251	47547	32157	7260	2337	778	388	113	32	905	2714	54284	3391	974	530	105	4	0	0	0	0	0	0	0	0	0	42356	195861594
club-moss_0.0_8x_novaseq_profR.hist	88471300	28667578	3830208	1452717	746774	461698	281478	174506	112833	129080	70813	52912	71865	47760	24713	30398	48217	20089	9262	22799	31348	9795	9419	18314	14441	8021	11864	11337	3778	13492	5067	1504	8734	10274	3268	203	298	14627	2924	161	52	20	11477	4303	716	237	105	34	10	14624	195499083
club-moss_0.001_4x_MiSeqv3L250R.hist	96158739	28111995	4068917	1486948	819689	508955	216088	106166	134631	154016	93398	46061	42093	54945	28431	35048	55593	23162	4731	11646	21998	36013	18145	5308	2488	7962	18948	18882	6293	3145	931	275	6311	18933	6023	375	106	57	10	15685	5964	2443	1296	485	79	25	10	2	0	23015	181305054
club-moss_0.01_8x_novaseq_profR.hist	128027316	16880933	2441903	934291	465981	290457	155609	139002	108960	58904	68709	37517	51755	28609	21594	31247	27151	11311	18842	18102	11741	4048	19229	11553	1168	3737	8894	12308	4101	2049	1686	3371	11549	1331	422	25	4763	8180	1635	89	28	10	5860	5351	890	295	131	42	13	10740	201226883
club-moss_0.01_2x_HiSeq2500L150R.hist	139118471	13609550	3022819	1061237	565456	357841	262878	234825	158814	80994	39214	19338	24321	40157	49824	54636	31495	13122	2086	4675	8831	14457	18146	5308	8967	28694	6478	2085	694	346	101	29	10	0	22968	11121	3196	1742	347	18	5	1	0	0	0	0	0	0	0	29407	192199265
club-moss_0.01_2x_novaseq_profR.hist	132834574	11440335	2423339	852563	456506	289213	197543	176462	102622	52336	25824	29180	40568	66984	34661	11027	7085	9458	19910	26567	17232	5384	2332	2352	5027	16085	10493	3378	1125	561	5119	10238	4525	521	164	9	1	0	14582	4397	1464	599	317	117	18	5	1	0	0	19046	191564386
club-moss_0.0_4x_23.hist	90465029	30249074	4333313	1587546	864706	532984	188423	168315	195405	99655	55078	62238	86528	54889	28402	17342	27507	36721	37755	20554	13331	4165	15889	30895	16273	9039	2219	5916	18221	9109	2698	800	16616	11001	3499	217	61	32	5	18586	6194	2537	1346	503	82	26	10	2	0	21884	194052713
club-moss_0.01_1x_MiSeqv3L250R.hist	134715613	9376941	2161302	772946	361836	232005	112860	100815	152283	138717	67162	33122	12715	7230	8970	12979	20586	27481	45911	24995	16212	5065	2193	640	36	19	3	0	565	7918	33900	10072	4027	463	146	8	1	0	0	0	0	0	0	0	0	0	0	0	0	35887	183836951
club-moss_0.01_4x_MiSeqv3L250R.hist	131239306	16306189	2710544	985290	542231	336334	165909	81512	106952	116336	56326	27778	26616	43947	54526	17348	9999	10983	23121	28732	18636	5822	2522	2685	5737	18360	13891	4472	1489	743	821	1642	14031	6529	2076	128	36	18	2	8343	6058	2482	1316	492	81	26	10	2	0	18039	188319966
club-moss_0.01_8x_23.hist	127880250	17697425	2536733	979765	479856	300769	194745	105658	130877	66746	52051	58817	30836	44791	23177	22052	34978	15371	7887	19414	21491	6715	6909	13433	6601	3785	9008	10797	3598	1798	6656	1976	2623	7869	4010	249	70	1076	12307	682	226	91	47	7880	2085	694	310	102	33	10040	197277586
club-moss_0.001_2x_MiSeqv3L250R.hist	105045551	13719573	2653525	944409	517798	328351	224692	200714	120708	61560	30620	34599	48103	79425	47577	15137	8725	3874	8156	20076	37920	30820	13354	3906	228	126	27	7	12596	27471	8138	2417	965	110	34	1	0	0	22488	1248	415	169	88	32	4	0	0	0	0	25296	161427522
club-moss_0.0_8x_20.hist	91258660	30514443	4372621	1609617	870601	534227	237276	211955	162888	83072	81192	91746	52312	39078	48485	40536	23367	18793	39565	21539	13970	7187	34138	12777	3096	9906	23577	12587	4194	2096	6054	12108	11993	1382	438	4187	11566	6308	1260	69	22	7599	8080	3029	503	166	73	23	6	17354	175426877
club-moss_0.001_2x_23.hist	106027589	13682254	2777072	982174	531957	337446	221760	198094	126080	64300	32205	36391	50594	73483	38024	12097	8748	11677	24584	36419	23622	7380	3197	2908	6213	19881	12637	4068	1355	676	17751	5273	2108	242	76	3	0	7043	19093	1059	352	143	75	27	3	0	0	0	0	22881	170376972
club-moss_0.001_8x_MiSeqv3L250R.hist	93911892	28282587	3810203	1451273	727283	455845	211318	171120	163241	83252	78021	88163	33847	44851	55648	25288	22391	29890	30877	16809	10902	8527	37911	11092	1724	5518	13131	20802	6933	3465	1025	303	21214	5855	1862	115	32	12918	4067	224	73	2557	9282	3479	578	191	85	27	8	15626	170578807
club-moss_0.0_2x_25.hist	100714727	14794391	2923974	1032044	556624	353601	212439	189768	146668	74799	36215	29235	40645	67111	58393	18578	10709	5736	12076	29725	29983	9368	7652	14879	12490	6938	1565	503	792	11089	21920	6512	2603	299	94	4	0	0	18504	4571	1522	623	329	122	19	5	1	0	0	23302	171777696
club-moss_0.001_4x_23.hist	93451260	30088049	4148299	1562115	779579	490360	311355	152972	124070	141935	68720	44833	62331	73302	37930	15029	23839	31824	38241	20819	13503	4218	15001	29169	17364	9645	2177	700	11981	21775	6450	1915	765	87	22153	1383	396	215	42	9682	8912	3651	1937	725	119	38	16	4	0	21385	197421880
club-moss_0.01_1x_23.hist	133810176	9699682	2234011	780669	403714	257241	155108	138555	172411	87929	42572	20994	9007	14872	18451	26699	42349	49727	7910	4305	2791	2542	12077	23482	1380	765	171	54	17	7	4964	9927	28675	3307	1051	64	17	8	0	0	0	0	0	0	0	0	0	0	0	34666	184835670
club-moss_0.01_1x_20.hist	134424296	16533574	3338025	1168905	618925	393307	216643	193523	203582	103825	50269	24790	9516	15333	19023	27527	43663	58288	31737	17278	11206	3501	1516	442	25	12	1	0	1965	27522	30535	9072	3627	417	131	7	1	0	0	0	0	0	0	0	0	0	0	0	0	40342	205609163
club-moss_0.0_2x_MiSeqv3L250R.hist	101702246	13420437	2558026	914626	505566	320364	231799	207062	118709	60540	29311	32768	45557	75221	50272	15994	9219	3987	8394	20662	39028	25337	10978	3211	730	2336	5559	14824	14878	7438	2202	653	260	29	8	0	16754	13485	2696	148	48	18	9	2	0	0	0	0	0	24963	156865105
club-moss_0.001_1x_HiSeq2500L150R.hist	114194956	28453945	6523815	2255143	1029056	657021	132372	118245	178610	204329	238344	185223	71111	39309	20340	6470	3729	4615	9716	23916	45174	73956	32046	9376	550	304	67	20	5	1	72258	21469	8586	989	313	18	4	1	0	0	0	0	0	0	0	0	0	0	0	64938	230092366
club-moss_0.001_1x_25.hist	106169884	9471489	2154678	757085	404197	257690	165068	147452	179851	91723	44409	21900	12879	21264	26382	38176	60555	36562	5815	3165	2052	651	3094	6015	12853	41129	9286	2989	995	496	146	42	15	0	0	12952	12340	6729	1344	73	23	8	3	0	0	0	0	0	0	30184	161800551
club-moss_0.001_2x_25.hist	104642809	14253863	2849113	1006183	543317	344945	214314	191443	137436	70091	33935	33382	46410	72504	37518	11936	12276	16387	34498	18781	12181	3805	13414	26083	7505	4168	940	301	2014	28197	8353	2481	991	113	35	1	0	4493	21257	1179	392	159	83	30	4	0	0	0	0	22426	173665858
club-moss_0.01_2x_20.hist	135921959	12696625	2802027	979642	516585	327852	208434	186191	155344	79224	38357	18916	21070	34790	43164	56878	32787	13660	2172	1533	2895	4739	22512	39683	2333	1295	291	92	13436	6717	1989	590	235	26	7	11752	12105	6601	1319	72	23	8	3	0	0	0	0	0	0	24953	191017523
club-moss_0.0_2x_novaseq_profR.hist	99612599	15617892	2898840	1030590	563932	357489	236175	210971	112072	57156	47196	53331	74145	40986	21208	15566	24690	32959	29738	16189	10500	3280	7521	14625	23703	13167	2972	956	317	157	14636	14956	5981	689	218	12	2	0	11220	8729	2908	1191	631	235	38	11	4	0	0	21485	174320874
club-moss_0.0_8x_HiSeq2500L150R.hist	91463514	31998092	5012786	1819197	985182	605008	215501	192504	206092	105105	73493	83046	73380	40564	38261	55366	32162	13399	14849	36551	33793	10559	6716	13058	27902	15500	3499	1125	21197	15653	4636	1376	549	62	31518	1968	565	307	60	2	0	0	0	0	0	0	0	0	0	0	121336387
club-moss_0.01_4x_20.hist	133590437	17350372	2977340	1078859	594835	369372	192791	94720	100034	114438	75088	37031	22380	36953	45848	35716	20588	8577	7869	19369	35648	11139	4825	1411	2559	8188	19487	11233	3743	1870	553	163	2007	6020	17175	1072	307	166	32	0	6270	5518	2928	1097	181	59	25	7	1	16029	194313690
club-moss_0.001_8x_HiSeq2500L150R.hist	94781226	32581547	4935956	1846499	944891	587019	251184	224378	178765	91169	84805	95829	65106	35990	34685	50190	44704	18625	9433	23219	43857	18127	7854	4352	9299	29756	18302	5893	1963	980	6420	12839	23516	2711	861	52	14	6	0	0	0	102690	54507	81702	13616	4537	2033	676	224	133	126998892
club-moss_0.01_8x_20.hist	128642904	18295990	2703532	1045679	511892	320100	179282	156404	118561	64609	75364	40004	55617	33381	18407	26635	42248	17602	5142	12658	23909	16026	6943	4038	8628	16798	3792	1220	2605	15898	4709	1398	558	63	12372	772	1186	7076	1414	77	24	1729	8616	3230	537	178	78	25	7	11808	190225726
club-moss_0.0_8x_MiSeqv3L250R.hist	89950285	29333808	3978489	1500454	780717	480364	276753	200396	108274	123865	69908	78995	48533	41848	51922	33182	19127	25534	35909	19549	12679	7140	33916	10671	3217	10296	24504	7890	2629	1313	16572	10374	4148	477	150	11338	7961	4341	867	47	14	7769	7574	2839	472	156	69	22	6	17284	167428930
club-moss_0.0_8x_25.hist	88832079	28692534	3821767	1453634	741362	460919	244090	187326	112923	129183	69814	53090	71440	39491	39713	37883	23705	31644	11139	27419	26198	8185	12393	24097	10708	5948	6882	18351	10139	5068	1500	444	20078	5195	1652	102	28	13584	6249	346	114	45	4333	9109	1517	504	225	74	23	13419	191827546
club-moss_0.01_2x_25.hist	132587362	11571806	2435615	856273	457741	290614	184377	164701	133961	68319	33077	19886	27646	45648	56637	18019	10386	4362	9182	22602	29777	9304	4030	2461	5258	12820	2893	930	309	4329	19238	5715	2285	262	82	4	0	0	12887	5241	1746	714	378	140	22	6	1	0	0	19698	190798413
club-moss_0.0_1x_HiSeq2500L150R.hist	107652305	15377578	3364266	1173327	614674	392940	184719	165006	249243	154970	75032	37003	14205	10276	12749	18448	29262	39063	66907	36426	23626	7382	3198	934	53	28	5	0	524	7345	52021	15456	6181	712	225	13	2	0	0	0	0	0	0	0	0	0	0	0	0	46253	179355545
club-moss_0.001_4x_25.hist	92830175	29020825	3877405	1481731	731627	460336	295842	145351	115072	131642	86237	42529	59127	63861	33045	18501	29345	39174	26563	14461	9379	4671	22188	43143	2536	1408	1339	3571	25279	12638	3743	1111	2559	7678	14551	908	260	140	27	11583	7926	3247	1722	645	106	34	14	3	0	20721	201229667
club-moss_0.01_1x_HiSeq2500L150R.hist	122373217	39148262	5078970	1937844	1059043	654109	480949	236296	93040	47449	28216	31883	44326	73189	90807	115636	66660	27774	4417	2404	1558	486	242	470	1003	3209	7638	20367	59339	29668	8789	2610	1043	119	36	1	0	0	0	0	0	0	0	0	0	0	0	0	0	55995	252582875
club-moss_0.01_8x_HiSeq2500L150R.hist	125142429	39778127	5082288	2057796	957079	594819	388020	332528	130932	97024	113175	106109	40737	38433	47684	51935	29938	12473	20233	36819	23881	7462	10874	21143	17651	9805	2213	2216	22738	11368	3367	999	1781	5342	21723	1356	389	211	41	4696	10737	4399	2334	874	144	47	20	5	0	26274	180665717
club-moss_0.001_4x_HiSeq2500L150R.hist	102224413	32545529	5797571	2054722	1117568	698532	405611	199282	91932	105169	122676	138623	53220	29419	23623	34182	54220	53696	8541	15686	29628	9257	8807	17124	36590	22526	5085	1636	544	271	11540	23080	17925	2066	656	40	10	4	14941	13036	4344	1779	943	352	57	18	7	1	0	28974	196275026
club-moss_0.0_4x_novaseq_profR.hist	89134427	29222971	4011980	1498581	792659	485654	248941	222375	113161	100331	101491	50052	66614	36823	30710	44439	46069	19194	6165	15174	28662	29938	12972	3794	7260	23233	11691	3763	1253	17550	10167	3019	1206	138	18402	4326	1242	676	134	3268	11695	4792	2542	952	157	51	22	6	1	20258	200115410
club-moss_0.0_1x_novaseq_profR.hist	101881590	11946816	2537388	894735	481543	306585	184828	165104	176445	89986	43568	21485	16456	27171	33712	48782	55584	23159	3683	2004	1942	3179	15102	29365	22859	12698	2866	922	306	152	44	12	3	0	37375	4238	1217	663	131	6	1	0	0	0	0	0	0	0	0	31315	165814959
club-moss_0.01_1x_novaseq_profR.hist	134687988	9811773	2256187	785187	408875	260683	148169	132356	166616	84973	41141	20288	11775	19441	24121	34903	50732	21137	3361	1829	2313	3785	17981	34963	2055	1141	256	81	26	12	2	0	14416	20823	6624	413	117	63	11	0	0	0	0	0	0	0	0	0	0	31799	186613129
club-moss_0.0_4x_MiSeqv3L250R.hist	91094551	30073004	4301723	1571268	866851	538479	220934	108547	163961	156049	75554	37260	47898	79086	57481	18288	14902	19893	41879	22799	14788	23142	14765	4319	6970	22305	21629	6964	2320	1159	2510	5019	30323	3497	1111	68	18	9	0	18719	6341	2598	1378	515	84	27	11	2	0	22377	180153251
club-moss_0.0_2x_20.hist	103763096	13994132	2723573	969491	531742	337295	230081	205527	126649	64590	37484	42356	58887	67059	34700	11039	10444	13941	29350	36680	23791	7433	3220	1517	3240	10369	17836	20017	6671	3334	987	292	115	12	2	5213	19297	10525	2104	115	37	14	6	1	0	0	0	0	0	26208	162542557
club-moss_0.0_4x_25.hist	89429545	29554780	4127939	1521861	829720	511722	184818	140340	211985	108111	52344	53691	74646	54991	28455	21345	33856	45196	19368	10543	6838	10301	48931	15894	933	2810	6688	17834	16319	8158	2416	716	2535	7606	20075	1253	359	195	38	1	14073	5766	3060	1146	190	62	26	7	1	19547	199106001
club-moss_0.0_8x_23.hist	89500462	29311743	4011973	1502574	793621	487072	270394	200917	109091	124799	77487	55659	73746	40766	31251	45221	30353	14303	30110	25354	16444	5138	22075	31502	1852	3322	7906	21084	11399	5698	1687	500	10929	13521	4301	267	76	5201	11976	664	220	89	10389	3894	648	215	95	30	9	15909	187330572
club-moss_0.001_1x_23.hist	107427452	9173638	2111742	740649	393696	251236	159446	142430	191803	97818	47360	23356	10005	16519	20495	29657	47042	62799	9989	5437	3526	1243	5907	11484	24540	13632	3077	990	329	163	47	13	8010	24029	9923	619	177	95	18	0	0	0	0	0	0	0	0	0	0	33358	161704116
club-moss_0.01_4x_25.hist	129579443	14872033	2520747	913642	504534	313591	156299	76791	99324	108621	52590	25935	32687	53972	27927	11913	18896	25225	24631	13409	8697	2716	8378	16289	12386	6880	1552	498	3426	16242	4811	1428	570	64	19	12746	3663	1997	398	21	6	5281	5626	2109	350	115	50	15	4	13249	196118588
club-moss_0.001_1x_MiSeqv3L250R.hist	105709183	12505638	2671149	939630	503008	320189	189626	169390	168658	86014	41645	20537	28552	47143	58492	40514	23354	9729	1546	2738	5171	8465	40212	39342	2313	1284	288	92	29	13	3	0	45039	5194	1651	102	28	14	1	0	0	0	0	0	0	0	0	0	0	37746	168076015
club-moss_0.001_1x_20.hist	108290816	8697972	2013715	713971	358090	229246	135323	120882	182593	127164	61569	30363	11656	10944	13578	19647	31164	41602	41321	22496	14591	4558	1974	1883	4024	12878	2907	935	310	154	4928	9855	32502	3748	1191	73	20	9	0	0	0	0	0	0	0	0	0	0	0	37001	159371838
club-moss_0.0_2x_23.hist	102141051	13966028	2804821	992791	538602	341751	222542	198793	125781	64147	35844	40503	56311	71294	36891	11737	7967	10635	22389	38901	25232	7884	3415	1648	3522	11271	26824	8637	2878	1438	4623	9246	3697	425	134	7	1	8009	18467	1024	340	138	72	26	3	0	0	0	0	24394	167223007
club-moss_0.001_1x_novaseq_profR.hist	105943838	10040164	2266351	794826	422445	269618	158941	141979	185987	94852	45924	22647	16081	26551	32942	47669	52662	21941	3489	1898	1230	1635	7767	15101	32269	19734	4455	1433	476	237	69	19	6	0	23429	10344	2973	1620	323	16	4	0	0	0	0	0	0	0	0	30701	163934012
club-moss_0.01_8x_MiSeqv3L250R.hist	128220114	17558469	2554101	984268	481416	301922	206918	101661	130110	66355	52258	59050	46375	25635	28005	24297	31251	13020	11186	24908	16156	5047	7669	14911	9920	5510	2761	7363	10255	5126	1518	450	2682	8047	8073	503	143	77	7104	2977	991	405	2794	6272	1044	347	154	50	15	11690	185034460
club-moss_0.0_1x_20.hist	104545835	12771373	2733234	964511	519924	330323	215162	192201	160555	81882	39644	19822	27557	45501	56454	52121	30045	12518	1990	2446	4620	7563	35927	45656	2684	1490	335	107	34	16	3	0	32503	14760	4695	292	83	44	7	0	0	0	0	0	0	0	0	0	0	38239	168516914
club-moss_0.001_8x_20.hist	93875861	30144197	4254616	1593239	814928	505043	238048	212645	133734	105448	95358	52326	72748	40214	48333	24263	27541	36765	27539	14992	13185	21586	26199	7665	4910	15711	21874	7043	2346	1172	13653	13719	5486	631	200	6468	11534	6290	1257	68	21	5464	9060	3396	565	187	82	26	7	16590	179542769
club-moss_0.01_2x_MiSeqv3L250R.hist	134222432	11792782	2614278	911425	476978	303395	175080	156396	157081	80110	38786	19127	18545	30620	37991	54974	31690	13203	2099	1844	3483	5701	27079	29236	1718	953	214	68	766	10728	12023	3571	1427	163	51	2	0	19395	3878	214	70	27	13	4	0	0	0	0	0	23784	184858924
club-moss_0.0_1x_25.hist	101922014	10681597	2328627	821987	443410	282363	179560	160398	176875	90205	43674	21538	13273	21916	27191	39346	62410	39615	6301	3429	2223	1313	6236	12125	25909	22115	4992	1606	534	266	77	22	7	0	29115	6905	1984	1081	215	10	2	0	0	0	0	0	0	0	0	32097	161587257
club-moss_0.001_4x_novaseq_profR.hist	93269310	28104396	3801284	1444781	721141	452500	240392	121441	183437	93552	62008	70068	68236	37720	23006	33290	52804	24633	5621	13837	26136	29963	12983	3798	4162	13318	27747	8934	2977	1487	439	129	23478	10751	3420	212	60	31	5	9874	9629	3945	2093	783	129	42	17	4	0	20959	201431027
club-moss_0.01_4x_23.hist	129526374	14946438	2520080	918491	503286	311357	148976	82627	124809	93591	45313	28056	39005	56877	29431	11199	17763	23713	22844	12436	8121	13294	5759	6048	12922	15319	3458	1112	369	183	7116	14232	6661	767	243	14	3	0	10423	5246	1747	715	378	141	22	6	6613	6480	2159	1294	192729703
club-moss_0.01_1x_25.hist	133959482	9700867	2230849	776511	404565	258150	143194	127913	173546	88507	42852	21132	10689	17648	21896	31684	50256	34425	5475	2980	1932	950	4514	8776	18753	22088	4986	1604	533	265	77	22	7	0	28824	1800	516	280	55	2	0	0	0	0	0	0	0	0	0	30563	185333049
club-moss_0.01_2x_23.hist	133211204	11429376	2430398	856424	460247	291400	207350	185223	100088	51044	26203	29609	41165	67191	34768	11061	6375	6923	14574	35875	23269	7270	3149	920	1966	6291	10415	3353	2339	18414	5455	1619	646	73	22	0	0	18563	4297	237	78	31	15	4	0	0	0	0	0	21938	188530838
