sample	moss_0.06_1x_20	moss_0.06_1x_23	moss_0.06_1x_25	moss_0.06_1x_30	moss_0.06_2x_20	moss_0.06_2x_23	moss_0.06_2x_25	moss_0.06_2x_30	moss_0.06_4x_20	moss_0.06_4x_23	moss_0.06_4x_25	moss_0.06_4x_30	moss_0.06_8x_20	moss_0.06_8x_23	moss_0.06_8x_25	moss_0.06_8x_30	moss_0.0_1x_17	moss_0.0_1x_20	moss_0.0_1x_23	moss_0.0_1x_25	moss_0.0_1x_30	moss_0.0_2x_17	moss_0.0_2x_20	moss_0.0_2x_23	moss_0.0_2x_25	moss_0.0_2x_30	moss_0.0_4x_17	moss_0.0_4x_20	moss_0.0_4x_23	moss_0.0_4x_25	moss_0.0_4x_30	moss_0.0_8x_17	moss_0.0_8x_20	moss_0.0_8x_23	moss_0.0_8x_25	moss_0.0_8x_30
moss_0.06_1x_20	0.0	0.0	0.0	0.0	0.0	0.0	0.0	0.0	0.0	0.0	0.0	0.0	0.0	0.0	0.0	0.0	0.05576209526034343	0.057406434050534284	0.05973238634208457	0.06139477706877515	0.06292369343937083	0.058705830253664396	0.0607138957657132	0.06328467478231649	0.06459068383971542	0.06498293950651914	0.060149106198438454	0.06224230073854331	0.0639119305732636	0.06493101117941799	0.06666580386023517	0.05830443848873348	0.05975293377529756	0.06269035012204163	0.06357079817209206	0.06596454643152747
moss_0.06_1x_23	0.0	0.0	0.0	0.0	0.0	0.0	0.0	0.0	0.0	0.0	0.0	0.0	0.0	0.0	0.0	0.0	0.052920372769816426	0.0549618476134628	0.05692588251742606	0.05814382081623238	0.05925889376471268	0.05504082628887431	0.05748019469283139	0.059857061285005383	0.06116270452437683	0.06188349864416099	0.05596114283121266	0.0582171254496376	0.060403463994287795	0.061290968205599324	0.06333619554449496	0.05369506921387674	0.0558494059712735	0.05874012881422624	0.0599710749411726	0.0626189494691419
moss_0.06_1x_25	0.0	0.0	0.0	0.0	0.0	0.0	0.0	0.0	0.0	0.0	0.0	0.0	0.0	0.0	0.0	0.0	0.051933192271754434	0.054108388434316264	0.05642028831911577	0.057292018231429986	0.058416806165127136	0.05404976720299315	0.05665206490532473	0.058984710873984825	0.06033541096306556	0.06129938919888333	0.05514520158175673	0.057488488865324754	0.059267561682436624	0.060557906797421346	0.06249393787832011	0.05317791403848246	0.05534196517810502	0.05766294082701154	0.05921620976264448	0.061942197353561476
moss_0.06_1x_30	0.0	0.0	0.0	0.0	0.0	0.0	0.0	0.0	0.0	0.0	0.0	0.0	0.0	0.0	0.0	0.0	0.05065259563446228	0.05280060692712372	0.05481337715545987	0.05638605111887311	0.05701472033767904	0.05291740081457674	0.05563961120237188	0.05764331931170648	0.05866332059461056	0.05977649254813762	0.05399109989147287	0.05673688834609709	0.058064737890056874	0.059228290187934636	0.06100167782861101	0.05272807518209715	0.054448533637268426	0.05674533931103621	0.0580128877029586	0.06044822680826313
moss_0.06_2x_20	0.0	0.0	0.0	0.0	0.0	0.0	0.0	0.0	0.0	0.0	0.0	0.0	0.0	0.0	0.0	0.0	0.052485571202288	0.054269775404341164	0.05629259348917748	0.05735294797450446	0.05816096086359666	0.05554665065951158	0.05704593697299546	0.059474129480347214	0.06049646061923978	0.06141415070115841	0.05633989674118665	0.05828681194876972	0.05968457446746497	0.060859040777466004	0.06276771797868191	0.055829170087427896	0.05672761443394221	0.05875673460133913	0.06012534356186155	0.062083974251019046
moss_0.06_2x_23	0.0	0.0	0.0	0.0	0.0	0.0	0.0	0.0	0.0	0.0	0.0	0.0	0.0	0.0	0.0	0.0	0.05161370883127844	0.05307674024178392	0.05496798107718186	0.05632230632437562	0.05706599646001876	0.05394797138281375	0.05583335812576193	0.05791765937313876	0.058634999797741005	0.05986752585570746	0.054409189493317744	0.056983995601525304	0.0585641624983739	0.059306911412984054	0.061058287451468754	0.053352782149133166	0.054699627648254125	0.05700716778756778	0.05856135834208854	0.06060659514759736
moss_0.06_2x_25	0.0	0.0	0.0	0.0	0.0	0.0	0.0	0.0	0.0	0.0	0.0	0.0	0.0	0.0	0.0	0.0	0.051216789505913685	0.05284236321656637	0.05459554689104736	0.05573236827599327	0.056601070903864	0.053682294059864404	0.0554663349879131	0.057481892009804844	0.058364663525655426	0.059384278807027735	0.0549281585951815	0.05691275846328424	0.058274058633318804	0.05908181663958264	0.060679316198451905	0.05360284770533297	0.055032237720303155	0.05694784248851977	0.05815147963187406	0.060179395312626054
moss_0.06_2x_30	0.0	0.0	0.0	0.0	0.0	0.0	0.0	0.0	0.0	0.0	0.0	0.0	0.0	0.0	0.0	0.0	0.05058295091967665	0.05194584275720235	0.05367470974682554	0.05483347023734119	0.05570548719067047	0.053031108847040875	0.0542877761077463	0.05655395441709866	0.057357418641255944	0.05843258935049457	0.05363866860142541	0.05599680771509605	0.05733407434525796	0.05806417059922158	0.05963909458369717	0.05221878795227351	0.05380215243062633	0.05610142714149115	0.05712101808434587	0.05913130979892191
moss_0.06_4x_20	0.0	0.0	0.0	0.0	0.0	0.0	0.0	0.0	0.0	0.0	0.0	0.0	0.0	0.0	0.0	0.0	0.05334637350329835	0.055255656378065864	0.05727205269643731	0.05851983758344823	0.05971699438497676	0.05559381603166205	0.05775576055441165	0.0601406559922632	0.06086355152138324	0.06236698435497649	0.05653391549036636	0.0584035664527122	0.06038550507980024	0.06143788443647245	0.0631515243952899	0.0561653614898949	0.057106490259542626	0.05897053806526559	0.060337052161567706	0.06265934927593636
moss_0.06_4x_23	0.0	0.0	0.0	0.0	0.0	0.0	0.0	0.0	0.0	0.0	0.0	0.0	0.0	0.0	0.0	0.0	0.05280581216443907	0.05468475988508279	0.05655706587964093	0.05754438652330438	0.05862740514815107	0.05559732433323018	0.05711862634986831	0.059553414541291906	0.06029061714770272	0.06134483423509128	0.05624950634712071	0.05827574182634953	0.05981150716566382	0.06072150300964683	0.062367262669798876	0.055734147345029864	0.05641738146173423	0.05870864498083402	0.05970330431834509	0.06206946060187899
moss_0.06_4x_25	0.0	0.0	0.0	0.0	0.0	0.0	0.0	0.0	0.0	0.0	0.0	0.0	0.0	0.0	0.0	0.0	0.05239785959712218	0.05398658460533356	0.055720717264819766	0.056987836109702615	0.05780686725823957	0.05524230144699277	0.0568025721246598	0.05913639625268058	0.059789292731030494	0.06061875711746815	0.055742473279896364	0.057991696903013985	0.05981641713829941	0.06018481487754409	0.061985197246147206	0.0553113873570803	0.05605167502648136	0.05830284904902074	0.059452928818457526	0.06150166579792732
moss_0.06_4x_30	0.0	0.0	0.0	0.0	0.0	0.0	0.0	0.0	0.0	0.0	0.0	0.0	0.0	0.0	0.0	0.0	0.052571731239594105	0.053797460546338	0.0552907627942859	0.0565961673264232	0.057276754635519324	0.054954668964911337	0.05632071348732388	0.05863758066485676	0.05919132760161808	0.06007439641801784	0.05575917597025844	0.05770681716332689	0.059040093878344906	0.05992323061438003	0.061384001649391604	0.0549491101721492	0.05606724930696165	0.057939680853157385	0.05928085168233413	0.06111278856475601
moss_0.06_8x_20	0.0	0.0	0.0	0.0	0.0	0.0	0.0	0.0	0.0	0.0	0.0	0.0	0.0	0.0	0.0	0.0	0.05477131310452926	0.056898279031296926	0.05932340432483483	0.059911211711382834	0.06138536263885106	0.05721956817633426	0.0594416581778942	0.06208681069773729	0.06293490827028668	0.06435923872368687	0.05885629409919536	0.06038798303996663	0.062452800579328525	0.06303798271965294	0.0652681150462564	0.05846597669800348	0.05962480994025385	0.061038479368555144	0.06222782996939111	0.06472760573218475
moss_0.06_8x_23	0.0	0.0	0.0	0.0	0.0	0.0	0.0	0.0	0.0	0.0	0.0	0.0	0.0	0.0	0.0	0.0	0.05481762413254536	0.056371210460637915	0.05873272400379187	0.05950515518604338	0.06068553793332926	0.05668390047975575	0.059160768748236774	0.06139668696408537	0.06229811666796735	0.06351696240674054	0.05800723209938011	0.060085357715017634	0.06199589942592345	0.0628789847462128	0.06459731275328164	0.05777748403623808	0.05824495900656382	0.0604305396769636	0.061658119299771406	0.06398857407321497
moss_0.06_8x_25	0.0	0.0	0.0	0.0	0.0	0.0	0.0	0.0	0.0	0.0	0.0	0.0	0.0	0.0	0.0	0.0	0.0549314744019369	0.05616199469476303	0.05805004854995144	0.059087117437687776	0.060253630059249545	0.057100450939652145	0.0586689975119186	0.06137985828446755	0.06207014895863004	0.06292832283825016	0.05796825984477693	0.06033456576069123	0.0616089822972954	0.0624967606915533	0.06426666403818077	0.05770034376057461	0.05862552763202629	0.060328645254942984	0.06149759204523247	0.06370322929790481
moss_0.06_8x_30	0.0	0.0	0.0	0.0	0.0	0.0	0.0	0.0	0.0	0.0	0.0	0.0	0.0	0.0	0.0	0.0	0.053868210732367014	0.05541455555328962	0.05702787551278716	0.05807118915293485	0.058913392925852015	0.05670654422956381	0.058182473668707366	0.06038299071799625	0.061084691286761666	0.061831223847146545	0.05757284368892309	0.05969715752596087	0.061082393607258735	0.06157772249501699	0.06318177018767256	0.05725430485721859	0.057771717664933185	0.060053577634489964	0.06095134448247239	0.06278330577304764
moss_0.0_1x_17	0.06002270100508893	0.060992175762420706	0.061078687624956315	0.05965193626258634	0.05577461718070798	0.05708111890678569	0.05754517369180143	0.05807432286587735	0.05769703839145691	0.058805515108096014	0.05911775989415342	0.06042164762927483	0.05822509637026169	0.05971027836422223	0.06065960549482148	0.06091706657620791	0.0	0.002034205317246432	0.0013353851007904365	0.0016387576577737437	0.0019512978537554958	0.00333253605187581	0.0019176982310445078	0.002123648860885773	0.0018738984313497022	0.0019246938712619054	0.0028807590744969963	0.002351648812841401	0.002142513153433681	0.0019888840986124054	0.001717348245548311	0.0023934857257096945	0.0025698655838520632	0.002325026061090828	0.0021807872841667674	0.0018840887893230007
moss_0.0_1x_20	0.05781795381443677	0.05912876246331791	0.05932813166472796	0.057931932983524684	0.05386157711488263	0.05485510712408039	0.05548004964865917	0.055714842573214685	0.05581457545780709	0.05695618340636855	0.056985057228544106	0.05787228502089348	0.05628554129813785	0.05734625106488182	0.0580054142142301	0.05866954918174019	0.0018304530447628973	0.0	0.0	0.0006377350356930205	0.0006521840320040109	0.0016656157299591052	0.0007513898396209435	0.0006588688385672033	0.0006296176724098078	0.000725031305142575	0.0014381013696802107	0.0008996412368560546	0.0005445938616109215	0.00047372112777164117	0.0005363042730106085	0.0009396071449536702	0.0010533713844377375	0.0008620313841506689	0.0006724032333423352	0.0005396397064821909
moss_0.0_1x_23	0.057799417569853274	0.058788494329254794	0.05935115400349444	0.057682809026934026	0.05356969784925781	0.0545062048226351	0.05500537599017285	0.055240819930526056	0.05543719321516143	0.05652135316164582	0.05645119569978046	0.057110645679713946	0.05606742881604523	0.0572419988267871	0.057496293523938515	0.05796542252837919	0.0011193391763732537	0.0	0.0	0.0	0.0	0.0012217224047923806	0.0004597070554068095	0.0	0.0	0.0	0.0006365096169996736	0.0	0.0	0.0	0.0	0.0	0.0	0.0	0.0	0.0
moss_0.0_1x_25	0.05834931480259623	0.058954323618269855	0.05916728060286292	0.05823808608884582	0.05353429633388845	0.05480718416081306	0.055106618504433394	0.055385689046190775	0.055541224270111045	0.05642395251973936	0.05665903135444991	0.05738074616651364	0.05540140145184834	0.05684222247618129	0.05739933472082111	0.05792830463651201	0.0013288753733743867	0.0005794903898845871	0.0	0.0	0.0	0.0012486912735930342	0.0005125448892778666	0.0	0.0	0.0	0.0005464699975455707	0.0	0.0	0.0	0.0	0.0	0.0	0.0	0.0	0.0
moss_0.0_1x_30	0.05849791438667108	0.05876569097509527	0.05899783353540906	0.05758371742491415	0.05299225561274957	0.054250894074676405	0.05468958672541711	0.054994208610030064	0.055301429269010265	0.056148206199334555	0.056152694413196785	0.05675993626630931	0.05526008360830032	0.056541882322655834	0.05713870912736871	0.05741976877161851	0.0015163112092847308	0.0005705476391516945	0.0	0.0	0.0	0.0015155355111431735	0.0005156980640592157	0.0	0.0	0.0	0.0009156975339623448	0.0	0.0	0.0	0.0	0.0	0.0	0.0	0.0	0.0
moss_0.0_2x_17	0.05975926535483939	0.06002575680258831	0.06015643734849842	0.05894003500768106	0.05574951403968247	0.05636408045491707	0.05698414428139086	0.05752948720101328	0.05690373339583101	0.05858541413402333	0.05897027485297564	0.05977662409384755	0.0577212209235986	0.05852986088388468	0.05975553199545915	0.06073146675895294	0.003136024876064581	0.0017356033969177804	0.0013629396952154543	0.0014395117234571328	0.0018206018614228844	0.0	0.0021644246989913976	0.001833272910854648	0.0018558819526945567	0.0019501177201896303	0.002323608735398596	0.002118679060127098	0.002054149022575787	0.0018661879107888543	0.0017221139910038087	0.0015735958656017586	0.0017839492377048566	0.0018395860954312036	0.0019782779981701542	0.0018615623112781458
moss_0.0_2x_20	0.0584230764212517	0.05906824690961069	0.05933361165655287	0.05828588841133951	0.054054154105492205	0.05507375863626561	0.05557797243967261	0.055563996009773596	0.05578788634814228	0.05686467721269857	0.05729747780899748	0.05789020786002886	0.05638609060970889	0.057632781222458025	0.05798972069796129	0.05891232348156795	0.0016501469710019636	0.0007153527822731278	0.0004664628166186001	0.0005357825592640875	0.0005596701352679578	0.0019820249814895483	0.0	0.0005792134223161137	0.0005007963764047389	0.0	0.000992497576698635	0.0005451291480858037	0.0005838361901397888	0.0005471822045107279	0.0005089848333224545	0.000646306777265663	0.0006144057649061576	0.0005896786424600673	0.0005836135394394658	0.0005243943006147297
moss_0.0_2x_23	0.05856948766566655	0.05908730144722868	0.05931001091651151	0.05796017053997817	0.05408889059177088	0.054860805176738865	0.055316145213377035	0.05558381333376222	0.05570149689182477	0.05692787394758371	0.05729653417991309	0.05790859282746649	0.056270297616126896	0.05731763749197769	0.058218658727799494	0.05873474718459515	0.0017008143246903566	0.0005867695122516531	0.0	0.0	0.0	0.0015634941415581386	0.0005422404158436833	0.0	0.0	0.0	0.0008081881428587159	0.0	0.0	0.0	0.0	0.0	0.0	0.0	0.0	0.0
moss_0.0_2x_25	0.0587025136064127	0.059276733190821745	0.05955423628208331	0.05789428484690456	0.053948538754867256	0.054484166585523894	0.05511007190645329	0.05531938124036385	0.05523234895135316	0.056523898055682975	0.0568308088580125	0.05736515197136386	0.055768172696614514	0.05697213713293515	0.05771086610619625	0.05829284999394417	0.00144424706291146	0.0005426765404655673	0.0	0.0	0.0	0.0015258458966733604	0.00045379454170122157	0.0	0.0	0.0	0.0007594460447201479	0.0	0.0	0.0	0.0	0.0006966110270370682	0.0	0.0	0.0	0.0
moss_0.0_2x_30	0.05755250524627495	0.05848178933746058	0.05900059913156795	0.05751736794885796	0.05326142763389051	0.054170037552438426	0.05461640644729587	0.054910568640184176	0.05501035315057507	0.05597233359202173	0.0561009606686575	0.05672125778091648	0.05524649518966823	0.056421866099786395	0.056888516871725976	0.05744913158721261	0.0014016971396033325	0.0005964322995058122	0.0	0.0	0.0	0.0015182576482559078	0.0	0.0	0.0	0.0	0.0006443973172712001	0.0	0.0	0.0	0.0	0.0	0.0	0.0	0.0	0.0
moss_0.0_4x_17	0.060372821445798	0.060310662012685146	0.06069355892132487	0.05946589974512607	0.05561480018276302	0.05594958551401452	0.05739561127693944	0.05733082099883151	0.056909552602992436	0.058304633244369006	0.05854959291102875	0.05970309433973344	0.05851386614653867	0.05894026135909132	0.059679178213558365	0.060665912856084525	0.0027120194461757088	0.0014943537630047593	0.0007088401341481852	0.0006296150541325634	0.0011001861033022532	0.0023103806087867744	0.0010777030409134958	0.0009438465373745662	0.0009216517999864208	0.0008293304565451783	0.0	0.0012506165595276655	0.0011487796592600983	0.000900046122093087	0.0006220668462804668	0.0011191202856624702	0.0008219748146992075	0.0011605037058039155	0.0011804984516025436	0.0008288414899038895
moss_0.0_4x_20	0.05976907749909768	0.05973644528551495	0.060141012515628804	0.059364166189492557	0.055093745241597734	0.05603631908850056	0.05684685410553996	0.05712990692382419	0.056294206527658604	0.05784279329486047	0.05830647498148458	0.059109190368581546	0.05736000027476168	0.05845462701385246	0.05950569832468617	0.060254180551485514	0.0020683371375717114	0.0008688405981370441	0.0	0.0	0.0	0.0019688052188713014	0.0005506405474493509	0.0	0.0	0.0	0.001170153072292604	0.0	0.0005017167035354813	0.0	0.0	0.00043308362889572663	0.0	0.0004481968035537888	0.0	0.0
moss_0.0_4x_23	0.05903577295310737	0.059492441850252556	0.05946266668633748	0.05825364802995943	0.054199191156360786	0.05534767266367636	0.055937537606313766	0.056192840291036966	0.055887429626706515	0.057064416409356666	0.057825592535716515	0.05814829649481857	0.0567522098379663	0.05788433518526859	0.0583751129936535	0.05929241776635821	0.0017561033517585578	0.0004916717161481748	0.0	0.0	0.0	0.001782095820672597	0.0005519064261158532	0.0	0.0	0.0	0.0010019519594611512	0.00047047821748163327	0.0	0.0	0.0	0.0005154556180419218	0.0005084485612320495	0.0	0.0	0.0
moss_0.0_4x_25	0.058643122874102206	0.05899985674275574	0.059368797401578056	0.058054028966375786	0.053963073156988006	0.05475457892821445	0.05541409880934729	0.05560835088301888	0.05547977724166016	0.05658448327708867	0.0568405212091295	0.057682566920502006	0.05571633142128382	0.0572553658401324	0.05780391032401455	0.058400341195366474	0.0015555224138710064	0.0004104552651841521	0.0	0.0	0.0	0.001547060058522388	0.0004967858221710264	0.0	0.0	0.0	0.0007484195382541517	0.0	0.0	0.0	0.0	0.0	0.0	0.0	0.0	0.0
moss_0.0_4x_30	0.05806250042367384	0.05882199398862943	0.059102263358307566	0.057666701779251144	0.05350625613378809	0.05427708464621469	0.054822921657055206	0.05504364330248852	0.05474259650245576	0.05591675938500723	0.05636912743700793	0.05693927898877674	0.055116436241271285	0.05642317398168694	0.057121046226870746	0.057694255086194426	0.001231175345525647	0.0004332390801217823	0.0	0.0	0.0	0.001313757855478582	0.00043107273774395486	0.0	0.0	0.0	0.00047313776998064656	0.0	0.0	0.0	0.0	0.0	0.0	0.0	0.0	0.0
moss_0.0_8x_17	0.059758022296293956	0.05960559607293763	0.06043022728658643	0.059944301940103646	0.055884930764046756	0.05583457713109492	0.05708755406024367	0.057041039480283606	0.057192859160553354	0.05856320234579843	0.05896970163554985	0.059855604115479535	0.05874367186485039	0.05934443199979105	0.06009501972970902	0.06116584350055501	0.0023523007828420276	0.001027872986783924	0.0	0.0	0.0	0.0016235986468755117	0.0007344032805225555	0.0	0.0008982285496786766	0.0	0.0011540338238631787	0.00048029883839960196	0.0006196847394794719	0.0	0.0	0.0	0.0008329607409014734	0.0	0.0007102464028415259	0.0
moss_0.0_8x_20	0.05928534666898846	0.05954844445229686	0.06026586679079653	0.0593225715251272	0.05524580053394062	0.05551535111022657	0.056771192756461614	0.056787532281292824	0.0566796864633282	0.05768350165802743	0.05808448047831401	0.059248324713458624	0.058448954439328536	0.058351101847797654	0.05951628539431287	0.06005740743531716	0.002402847658372482	0.0010842948820274755	0.0	0.0	0.0	0.0017545077586073416	0.0006588101681059721	0.0	0.0	0.0	0.0008121422233971869	0.0	0.0005753115803039657	0.0	0.0	0.0007991885163565759	0.0	0.0	0.0004975454318044296	0.0
moss_0.0_8x_23	0.05977996659632684	0.05984336101855115	0.0598952343726755	0.058951891518736366	0.05512608790594327	0.055635725140327504	0.05645285709307278	0.05680427524504829	0.05641348755978198	0.05782913172585343	0.05817240713337627	0.058895754406103985	0.057563300063811745	0.058349904966726394	0.059048228903019626	0.06015428064844464	0.0020371293190211345	0.0008273291097059429	0.0	0.0	0.0	0.0016987093796881894	0.0005908503271189696	0.0	0.0	0.0	0.0010787116406219626	0.0004447276291945173	0.0	0.0	0.0	0.0	0.0	0.0	0.0	0.0
moss_0.0_8x_25	0.059060557847542425	0.05942315149790577	0.05977867162684333	0.0585641641523508	0.05494927310105259	0.05566823672142908	0.05613997185362589	0.056303485349244065	0.05620126785005162	0.057294050137908115	0.05779824930066529	0.05871016210400726	0.05699267191480984	0.057945680898595184	0.05862825968760019	0.059500348576800983	0.0018216239580613215	0.0006163629505133261	0.0	0.0	0.0	0.0017444035129255133	0.0005591753327990961	0.0	0.0	0.0	0.0010470760204197662	0.0	0.0	0.0	0.0	0.0006036036442497737	0.0004469938268882009	0.0	0.0	0.0
moss_0.0_8x_30	0.05816432103657825	0.05885150782077077	0.05928159885293124	0.05783049426052327	0.05365680092082687	0.05457916918158317	0.055063452109672846	0.055252950421632446	0.05511172887021555	0.0564021141365089	0.056657457747698786	0.0574021287039123	0.05560208492348814	0.056727772815741706	0.05741800627072307	0.058081389041663566	0.0014041419904463827	0.00044858125460008736	0.0	0.0	0.0	0.001471489866652003	0.00045646718521888353	0.0	0.0	0.0	0.0006551056323457949	0.0	0.0	0.0	0.0	0.0	0.0	0.0	0.0	0.0
