sample	club-moss_0.001_1x_1	club-moss_0.001_2x_1	club-moss_0.001_4x_1	club-moss_0.001_8x_1	club-moss_0.002_1x_1	club-moss_0.002_2x_1	club-moss_0.002_4x_1	club-moss_0.002_8x_1	club-moss_0.004_1x_1	club-moss_0.004_2x_1	club-moss_0.004_4x_1	club-moss_0.004_8x_1	club-moss_0.006_1x_1	club-moss_0.006_2x_1	club-moss_0.006_4x_1	club-moss_0.006_8x_1	club-moss_0.008_1x_1	club-moss_0.008_2x_1	club-moss_0.008_4x_1	club-moss_0.008_8x_1	club-moss_0.01_1x_1	club-moss_0.01_2x_1	club-moss_0.01_4x_1	club-moss_0.01_8x_1	club-moss_0.02_1x_1	club-moss_0.02_2x_1	club-moss_0.02_4x_1	club-moss_0.02_8x_1	club-moss_0.0_1x_1	club-moss_0.0_2x_1	club-moss_0.0_4x_1	club-moss_0.0_8x_1
club-moss_0.001_1x_1	0.0	0.0	0.0	0.0	0.0022649985578975	0.0017581335995633543	0.0011634028715633731	0.000934713396596429	0.003773373225243018	0.0032455032892481418	0.0025782558595537812	0.002275810005544817	0.005499289322988647	0.004913048136342211	0.004081796521747982	0.003731490964985147	0.007112832099636306	0.006392096710364376	0.005738358233188035	0.005482066630946548	0.00862652587998528	0.007996274566058663	0.007247628032396241	0.007054576002102917	0.016899450139917064	0.016622320879063006	0.015589746765832692	0.015314996870302395	0.0008218144200559366	0.00042266657822977616	0.0	0.0
club-moss_0.001_2x_1	0.0	0.0	0.0	0.0	0.0017305551842627285	0.0011814483552886256	0.0005654854765360682	0.0005517699494451369	0.003391428326985489	0.002744243363408261	0.001929481875211924	0.0018713454971326946	0.005195433566779062	0.004483076113113217	0.0035313357723614986	0.003491779222145073	0.006964645700766196	0.006019135382038757	0.005278615709606643	0.005196006256875201	0.00840326743337929	0.007546930472218713	0.0069799459974317045	0.006785418164300172	0.016706301674872626	0.016315573671802662	0.015386499960276892	0.015103896019127932	0.0	0.0	0.0	0.0
club-moss_0.001_4x_1	0.0	0.0	0.0	0.0	0.0010994251953169631	0.0003829283714276763	0.0	0.0004512123203254314	0.0026773067944804232	0.0019642789424230978	0.0012346138393517564	0.0018496265669775656	0.004396116368702392	0.003646619669980375	0.002892559646832834	0.003316789155943963	0.006254486337670755	0.005420166679838204	0.004827672730385234	0.005043583593091467	0.007815178352090526	0.00696799039331577	0.006462333611505021	0.006750615805380354	0.016299009541480836	0.015947419600890377	0.015120981614699297	0.015430313476599055	0.0	0.0	0.0	0.0
club-moss_0.001_8x_1	0.0	0.0	0.0	0.0	0.0010222320603300347	0.0005898262530768701	0.0	0.001947125367859415	0.002676145081943105	0.0021250149183812393	0.0017516720064566932	0.0033751130283640805	0.004468066645912642	0.003826992768895979	0.00339380328134426	0.004944242870396799	0.0064894958431615515	0.005747139976245835	0.005350118165675829	0.006735227762916712	0.008133620734144552	0.007193251417863742	0.007028296406208828	0.00836224313384073	0.016373209854019185	0.016160579183429107	0.015771012289253254	0.01711567039628539	0.0	0.0	0.0	0.0
club-moss_0.002_1x_1	0.002265654142627146	0.0018007480308034325	0.0011386960586309803	0.0010221199775093553	0.0	0.0	0.0	0.0	0.004432882053291623	0.00396094336126082	0.003354936866977354	0.003078766823573753	0.006343089235686634	0.005722266980295031	0.004869012506463313	0.004621713420997555	0.007842506371813864	0.007398819081082679	0.0065801322400489	0.006379882410909247	0.00948596401935106	0.008768480946017504	0.008059139489569737	0.007739011202315754	0.01743726572877286	0.01714329548234409	0.01641156159813278	0.0159838543138363	0.0014416327590190529	0.0010674589596165608	0.0004952194968577162	0.0004316431144272914
club-moss_0.002_2x_1	0.001691413778107305	0.0011823895774513164	0.00038170377282790134	0.0005682770267399712	0.0	0.0	0.0	0.0	0.00410008061757815	0.0034557054753621436	0.002643635240766305	0.002673178852833906	0.005801275906424836	0.00518511649734724	0.0042406349006413446	0.004214637993854234	0.007398897228749259	0.006806698285157983	0.005976300993274496	0.005980307463134159	0.009087691281748711	0.008418019167180582	0.007681164778141283	0.007525092746159191	0.017144681751233022	0.016916415770584843	0.015944418085223417	0.015637755889593208	0.0009963571905000543	0.0005296771636620698	0.0	0.0
club-moss_0.002_4x_1	0.001115095791752714	0.0005634720074520877	0.0	0.0	0.0	0.0	0.0	0.0	0.0035697834655245095	0.002806612932937961	0.0021067585966739267	0.002438570243829526	0.005257770464174073	0.004549007682133325	0.0037701449404781854	0.0039034284790568437	0.0071126984892148455	0.006303451653274306	0.0056464243429470325	0.005712731853466787	0.008570897428439488	0.007747017587401838	0.007194545849340513	0.007254164469123596	0.01672628347494555	0.01640736915616828	0.015505573769041188	0.015709510506988916	0.00042794427384520967	0.0	0.0	0.0
club-moss_0.002_8x_1	0.0009345325971409796	0.0005728589761007999	0.0004649082237316725	0.0019462051512966643	0.0	0.0	0.0	0.0	0.003499534400574755	0.002877384347020726	0.002606472912486729	0.0041856604345655735	0.005244878517746229	0.004683639162510536	0.004172938172183468	0.005712957355415833	0.007161712057580955	0.006539155429638939	0.006159009197290781	0.007505519278000972	0.00873245586454311	0.007947440783080267	0.007781229445459565	0.009081723534198128	0.016876858671376716	0.016752105237883085	0.016447139784785746	0.017816685155174972	0.0	0.0	0.0	0.00046083628846625956
club-moss_0.004_1x_1	0.0037786260222406444	0.003531526992510311	0.002775723786269639	0.0026801489541335433	0.00443775521227886	0.004265402061341915	0.0037282559618807064	0.003507530886923893	0.0	0.0	0.0	0.0	0.007632646509837675	0.0071873503039217215	0.006353733248686357	0.006144038983926072	0.009487905717336377	0.008869780515911375	0.00808980539700279	0.007920400529423645	0.010971850592348342	0.010584519666014586	0.009818352932243727	0.009516482382378982	0.018751345111249193	0.018420482889305957	0.017746549555180617	0.01715584909744309	0.0030000544988145663	0.0028246912680163095	0.0021030729783673274	0.0019899406106746826
club-moss_0.004_2x_1	0.0031274942823477235	0.002750116298976897	0.0019611049380980736	0.00205182863589718	0.0038164023408849283	0.0034603570969069146	0.002823076298476247	0.0027807490235901705	0.0	0.0	0.0	0.0	0.007076746561899206	0.006616775030993085	0.005699403874535926	0.00553724209473336	0.008872542806634173	0.008311737817095441	0.007309572588998028	0.007256716400344262	0.010313259112042861	0.009686081520680383	0.009060321439552918	0.008801229705284552	0.01835900869773298	0.018000048658902784	0.017119444311997464	0.016846203360312777	0.0024475676746737373	0.0020563148944477217	0.0013207353344927902	0.0011928492444004731
club-moss_0.004_4x_1	0.0024753401105159444	0.0019253312046933206	0.001227515477799533	0.0016890361056886133	0.0032204403409952873	0.002635749009100071	0.0021098661094120412	0.002515215858367175	0.0	0.0	0.0	0.0	0.006465614672829118	0.005789916306738656	0.005044539361207905	0.005279103767276097	0.008251857311469093	0.0075420612903032555	0.006840620078826516	0.00704987817768921	0.00982987737260346	0.009028226897647222	0.008560589948910121	0.008678281449827137	0.01797175304600495	0.01771836568385768	0.016840826756001678	0.017098294381721058	0.0016839328754933098	0.001184619645172302	0.00059427250462589	0.0006334211904551187
club-moss_0.004_8x_1	0.0022723545253223124	0.0019399168704571509	0.0019036264562978036	0.003371116981965947	0.0030726300015873633	0.002767807670180951	0.0025291162128294026	0.004182678994142037	0.0	0.0	0.0	0.0	0.006326676997384095	0.005966838490781736	0.005546596984082399	0.007090825607261429	0.008404623242643003	0.007815255228628379	0.007396181175397551	0.008813649844061074	0.010083911917119623	0.009275559650410955	0.009195084975178458	0.010448038495576944	0.018022046352908466	0.01792279425807402	0.017690860094868244	0.019199041123603204	0.001474328845379274	0.0012483598128058238	0.0013335201660683669	0.001921672891916019
club-moss_0.006_1x_1	0.005513121311162583	0.005413667513805622	0.004561960780822766	0.004481630216082833	0.006357144930183	0.006039347758723658	0.005495418198682887	0.00526452903270197	0.007641219597544771	0.007354980207189052	0.006745978823347539	0.00635686615406295	0.0	0.0	0.0	0.0	0.010966529217442142	0.010577616337000731	0.009902273402117493	0.009647176020161349	0.012409537988289004	0.011997911229974737	0.011257459862389976	0.010954916504665728	0.020274602306846405	0.01990085912576021	0.01931085572053374	0.018670254145052162	0.004796645541323106	0.0047571112222737745	0.004041558946949474	0.0038643763416425217
club-moss_0.006_2x_1	0.004742218240266092	0.004498371107407685	0.0036461211836001967	0.003702903511941746	0.005522712822769904	0.0051987157956793015	0.004581801782034059	0.004535707123699792	0.006931688165777832	0.006625249278454342	0.005823077591746204	0.0057857334017165415	0.0	0.0	0.0	0.0	0.010539520713361505	0.009818009368942018	0.009059555175547095	0.00888046805922222	0.011847209704262451	0.011368944518107845	0.010724323126021963	0.010555828813898287	0.019774377689856692	0.01948039580339668	0.01871583133764742	0.018460661102443585	0.00398729393156899	0.0037667134102193725	0.0030690885325197047	0.002985389325461422
club-moss_0.006_4x_1	0.003924335251243222	0.003527545482506993	0.002879491586644047	0.0032780831542376454	0.00468047062759099	0.0042326380163248585	0.003779985941662755	0.004033580000332369	0.006102977101222357	0.005680849509751956	0.005050299625193904	0.005367430736683897	0.0	0.0	0.0	0.0	0.009535148708916943	0.008923322435380427	0.008426414487844645	0.00846104068955532	0.011180389361885753	0.010562528508184064	0.010071511647418149	0.010131394152061416	0.019162665078094967	0.01886641268007919	0.018065019991743304	0.01839779560536517	0.003090911176698565	0.00282528272387651	0.0022792464209868473	0.002327653083066197
club-moss_0.006_8x_1	0.003721221763492943	0.0036141183305457895	0.0034098688880727468	0.004934974948647461	0.004607002939698709	0.004357441173393797	0.004043439930117198	0.005704932949337297	0.0061165982276196115	0.005714074315855521	0.005457896834873208	0.007085907654830799	0.0	0.0	0.0	0.0	0.009726812320726343	0.009142951846374203	0.008890846443504566	0.010150734956331162	0.01126129176879777	0.010648756167954635	0.010511687188048749	0.011807429788820384	0.019245235365456238	0.01915074494874923	0.0190386502202834	0.020271883805863745	0.0029336695890747116	0.002925633553376151	0.002895266889743629	0.0034885784589043013
club-moss_0.008_1x_1	0.0071389804681340025	0.007262093868192028	0.006496006251401746	0.006518758575402136	0.007868986166405818	0.007708103552843149	0.007439362714653048	0.007198582974764395	0.009509510572239619	0.009227427363459235	0.008615566666246098	0.008455783866630207	0.010979217505280702	0.010942085939136587	0.009940366691234909	0.009794477661168354	0.0	0.0	0.0	0.0	0.01416325950242078	0.013611014440923882	0.012992242900761754	0.013014472855020266	0.021600092341823283	0.021520470251902346	0.02099430215578162	0.02042571131585444	0.006533587031700338	0.0066180850578640895	0.006000610386158522	0.0057790981379096246
club-moss_0.008_2x_1	0.006178619452301965	0.006046067169079726	0.005426049900588196	0.005570985798509078	0.007151322423309086	0.006831795257741112	0.006355764963120305	0.006343785673155303	0.008567097663848064	0.008331265328775473	0.007593390331445911	0.007590845192502452	0.010210002263458352	0.009828543210217177	0.008973478156557064	0.008890675994741727	0.0	0.0	0.0	0.0	0.013212299083659557	0.012737693949511401	0.012413940066539385	0.012182932437146264	0.02110350381079555	0.020980367934318227	0.02014845432253702	0.019888482812081075	0.005616252939524386	0.005472449540511307	0.004876901720480027	0.004746226451513764
club-moss_0.008_4x_1	0.005524721057700309	0.005278366771579954	0.004811453746118429	0.0051763877536789744	0.006334420002984622	0.0059712851282301225	0.005667115728885115	0.005963218797631428	0.0077821508073893965	0.007293675216258597	0.006855718909034963	0.007168639438209652	0.009519705352666085	0.009028461129166178	0.008435406423537984	0.008626609127888516	0.0	0.0	0.0	0.0	0.01261565556168965	0.01210855770447182	0.011757418478758717	0.011859637335815725	0.020537781358747703	0.02049477597052378	0.019700780166353894	0.019949514989500164	0.004864788148693797	0.0046843614784314825	0.0041936658196573785	0.004156231958506558
club-moss_0.008_8x_1	0.005462061973252999	0.005371450212868301	0.00518048595230614	0.006719422516819794	0.006354241536698966	0.006175529550239572	0.0059115122436304264	0.007491409064698746	0.007879255198095932	0.007480200673753052	0.007281534643920341	0.008803305209423773	0.009586068771556242	0.009137724430205135	0.008725788582609353	0.010145822407435015	0.0	0.0	0.0	0.0	0.012784106690267284	0.012225838414256089	0.012244474092405587	0.013352995116688443	0.02055056672755993	0.02068096488306967	0.020420714411388725	0.021640297482762128	0.004771626816294698	0.004752167983335728	0.004687289721079107	0.005308808340973958
club-moss_0.01_1x_1	0.008666428374678938	0.008766893020635354	0.008122151438839943	0.008179369081688296	0.009526930758360436	0.009471870991356714	0.00896940696623792	0.008786777732220922	0.011007260506532855	0.010731491583989885	0.010268153952407079	0.010155344182163985	0.012435725307743761	0.012306651656195289	0.011660687137229429	0.011350167607973813	0.01417675191583884	0.013704587721223677	0.013137340111010604	0.012891102372134786	0.0	0.0	0.0	0.0	0.022871776315698266	0.023007849767723083	0.022272779667110266	0.021701279659472553	0.008013900161479182	0.008126051669816987	0.007602220573369548	0.007470953618995911
club-moss_0.01_2x_1	0.007741164807713285	0.007589292029102299	0.006984269284475224	0.00698472321143073	0.008487895945403655	0.008458638584712352	0.007820188135597645	0.00772285129932061	0.010239659418349931	0.009719970461413185	0.009099901474037629	0.009023830147720542	0.011598765624964077	0.011394166385064557	0.010633620555620527	0.010371238034727698	0.013149173577356605	0.01275228540538495	0.012176096465808134	0.011917424259835972	0.0	0.0	0.0	0.0	0.022233196071022334	0.022268280981942962	0.021279018003357877	0.021050194038450636	0.007209520156323796	0.006923047143780633	0.006416583785112318	0.0061673219382824595
club-moss_0.01_4x_1	0.006987990607502925	0.0069872293428852395	0.006448198340229512	0.00681105311025474	0.007769638723572372	0.007683221626833531	0.007228764072584395	0.0075457664924025464	0.009459817057941543	0.009050884889430883	0.008588845071338053	0.008926264243549352	0.010838930410572857	0.010699931236325769	0.010093290494888572	0.01021463362149806	0.012501545059931587	0.012373177166813966	0.01177027823780415	0.011908413593112404	0.0	0.0	0.0	0.0	0.02181278426697083	0.02182303131579288	0.02110947090611873	0.02136521638342182	0.006457259208809765	0.006327875712470161	0.005956153992531666	0.00583302466087011
club-moss_0.01_8x_1	0.007022632246261037	0.007005979568612601	0.006927254708237441	0.008338037057094199	0.007701548139363091	0.007761711968590051	0.007498866094036815	0.009059644949655997	0.009460014282789137	0.009062347829198061	0.008954461168692841	0.010429995456209994	0.01087820979312653	0.01085022027286609	0.010438250341032082	0.011795152679808454	0.012910253643615104	0.01250469882792919	0.012201148842791023	0.013345574964529738	0.0	0.0	0.0	0.0	0.021630417000971246	0.022007465524787738	0.02188756093023663	0.02308873218745967	0.006462536170225025	0.006363363652356387	0.006448612281029009	0.006969574204127573
club-moss_0.02_1x_1	0.01704968753879923	0.01745873610818867	0.016971948898532513	0.016533982847447802	0.017587238964273274	0.01790155118188375	0.017530642488093186	0.01705042531447864	0.01889278688553994	0.019138152656728115	0.018800788073860313	0.01821855231909253	0.020405235117376425	0.020579299641053157	0.020015391235219122	0.019465953250286213	0.021714888187352604	0.0219306213625102	0.021417777678800716	0.02079204948311366	0.022971778465121256	0.023070916982695346	0.022711478153480326	0.021893452172545385	0.0	0.0	0.0	0.0	0.01643469386757709	0.016811359612281807	0.016394227679299576	0.015838062545779692
club-moss_0.02_2x_1	0.016197372552254743	0.016473464185199925	0.016052463595825107	0.01579451155253001	0.016702913601422405	0.017067606474777827	0.016624350353887794	0.01638219659799374	0.017935591819808937	0.018138108107517256	0.017925730871859866	0.017542756090573753	0.01936474731359572	0.019605599397694445	0.01906445354773182	0.01876093240654064	0.020927470978606092	0.021093026106243112	0.02068520829881089	0.02027288720109425	0.022363042735753617	0.0223629266541872	0.021999483452231097	0.02158816154734158	0.0	0.0	0.0	0.0	0.0154958325396505	0.015719550672840005	0.015437548425281073	0.015011833323453775
club-moss_0.02_4x_1	0.015127770655105531	0.01546664187582273	0.015151654748152724	0.015376441960329966	0.015924934608411153	0.016016182827675026	0.015639043879572323	0.016044781845495484	0.01721056898005695	0.017175900654307942	0.016962008366981012	0.017273350794411627	0.018717924756261325	0.018756239433460893	0.018175011662139532	0.018605569432608243	0.020339393735890453	0.020172859126420462	0.019799896114043043	0.019969330730459894	0.02156828068668623	0.021282908677566426	0.021192914466756196	0.021419506076723344	0.0	0.0	0.0	0.0	0.014563039474879637	0.0148586393270664	0.014644772316657968	0.01447280804595889
club-moss_0.02_8x_1	0.01530505730651141	0.015619759639034378	0.015859935675099957	0.017115316103994183	0.01597021543386975	0.016157734116949395	0.016261015677831094	0.01782392111909011	0.017125852556150848	0.01737974886393839	0.017667862128653143	0.01921921438801749	0.0186214028412295	0.019016415816431605	0.01898441226228243	0.020306015580242528	0.020355038839792203	0.02046125130199131	0.0205579349060276	0.021686219566951267	0.021610797407754897	0.021628240060729036	0.021987290155804407	0.023149449497833992	0.0	0.0	0.0	0.0	0.014703739748359179	0.014975669601320499	0.015399018703107946	0.01577498529499444
club-moss_0.0_1x_1	0.0008215462063575726	0.0	0.0	0.0	0.0014407443945285202	0.0010354668411849644	0.00044636660921644055	0.0	0.0029948932695202162	0.0025394660337816764	0.001753546979042139	0.0014757787215911697	0.004783025808253594	0.00413029359586846	0.003214313530302879	0.0029403672647609308	0.006507515835620846	0.005809234851254921	0.0050519545072171745	0.004787172486104433	0.007974361546371923	0.007445752281499657	0.006695886509888067	0.006489658390293397	0.01628460804069408	0.015900575253016632	0.015005991811070806	0.01470968023482806	0.0	0.0	0.0	0.0
club-moss_0.0_2x_1	0.00040584734824445376	0.0	0.0	0.0	0.0010248139701648667	0.0005287931237930271	0.0	0.0	0.0027098872641138074	0.0020501410160725635	0.001186079079120661	0.0012027317676529354	0.004560757328956105	0.0037506683324550387	0.0028257863455437683	0.0028232343730127956	0.006340645386362579	0.0054434557613849	0.004680533707556815	0.00459181373840156	0.00778119178792495	0.006878580867755702	0.006315908478191	0.006156353173792931	0.01607088993889198	0.015556291498612977	0.014770257104847905	0.01446707308097119	0.0	0.0	0.0	0.0
club-moss_0.0_4x_1	0.0	0.0	0.0	0.0	0.0004792781336674283	0.0	0.0	0.0	0.0020331746795180083	0.0013260543214806836	0.0005990752221321511	0.0012986296569345386	0.003903366219687864	0.003076680323848986	0.002294733248777734	0.0028225701547203016	0.0057901169717408975	0.0048827201170090545	0.004217090708259214	0.0045735682996037134	0.007330472461920747	0.006415934216924646	0.005982167147978081	0.006297984073331489	0.015774161280896287	0.015367661220026594	0.01464482259492123	0.015013346556603633	0.0	0.0	0.0	0.0
club-moss_0.0_8x_1	0.0	0.0	0.0	0.0	0.0004261416208886047	0.0	0.0	0.00045635264464598176	0.0019617925965854737	0.0012204398527072672	0.0006497028950234942	0.0019045474421353567	0.003804509690708619	0.0030485469043906505	0.002383743856982695	0.003460286519485859	0.005682307710521924	0.004838848286784968	0.00425008762067616	0.0052689132536741	0.007338770232847832	0.006277889293855986	0.005956058712115364	0.006921787942040334	0.015504004606887924	0.015193961483832374	0.01469915848861786	0.01562927212067224	0.0	0.0	0.0	0.0
