sample	r1	r2	r3	r4	r5	r6	r7	r8	r9	r10	r11	r12	r13	r14	r15	r16	r17	r18	r19	r20	r21	r22	r23	r24	r25	r26	r27	r28	r29	r30	r31	r32	r33	r34	r35	r36	r37	r38	r39	r40	r41	r42	r43	r44	r45	r46	r47	r48	r49	r50	genome_length
oyster_0.02_2x_1.hist	80632591	3894900	670816	279559	143425	85231	41784	37324	56378	55542	26891	13261	5090	7276	9026	13061	15737	6556	1042	691	1306	2137	10151	5948	348	192	304	811	6024	3011	891	263	104	11	2	0	1899	4241	847	46	14	4	1	0	0	0	0	0	0	4652	97292106
oyster_0.006_4x_1.hist	69553835	5549904	1111339	452860	215497	135373	140670	125658	62696	46564	54314	40332	15483	21025	26086	22191	12791	5328	3633	8942	16890	9075	3931	1149	1386	4436	10557	6033	2010	1004	296	87	2130	6389	6608	412	117	63	11	0	4202	3334	1769	662	109	35	14	3	0	6341	96608988
oyster_0.002_1x_1.hist	65342222	7614612	1635129	594279	336517	212923	208537	186282	126074	64297	31130	16664	23167	38251	47459	28792	16597	6914	2488	6123	11565	18934	23418	6851	402	222	49	14	3	0	0	0	32789	7875	2504	155	43	22	3	0	0	0	0	0	0	0	0	0	0	21954	99516569
oyster_0.008_4x_1.hist	71523609	5323767	1060432	431637	204609	129218	150240	100532	44361	50748	59196	29193	13799	22783	28267	8993	10314	13767	9936	5408	3507	5615	11515	3368	721	2307	5490	9703	3233	1615	477	140	1341	4023	6246	389	110	59	1048	4884	1627	665	352	131	20	5	1	0	0	7213	96931313
oyster_0.001_4x_1.hist	63607079	6729509	1324732	542380	262403	163485	162148	144844	90960	46389	52071	58839	42123	23284	13516	19558	31023	19830	3153	5469	10330	16912	8887	2599	1222	3910	9307	8317	2771	1384	506	1012	10116	1166	370	7084	2035	1109	220	11	1730	5069	2690	1007	166	54	23	6	1	8867	96451674
oyster_0.004_4x_1.hist	67489033	5912680	1195427	486342	230111	145525	167590	123243	48526	55513	64753	57289	21994	12169	15098	21847	29144	12142	2026	4987	9420	15421	9804	2868	595	1904	4532	10727	3574	1786	1996	3992	1596	183	1081	8197	2355	1283	255	13	3	0	5439	2743	456	151	66	21	6	5846	96575852
oyster_0.0_1x_1.hist	57615927	13312378	1719048	732913	408161	254934	346988	170479	67125	34232	26227	29635	41201	68030	84406	26855	15480	6449	2337	5752	10864	17785	39833	11654	684	379	84	26	7	2	0	0	38564	7431	2363	146	41	21	3	0	0	0	0	0	0	0	0	0	0	28869	107703913
oyster_0.01_8x_1.hist	73664960	4664827	1015654	391652	195369	122395	95833	84276	74014	37746	33114	37418	16566	17971	22297	10759	8301	11081	10610	5775	3745	4836	10170	2974	983	3146	7057	2271	756	2185	3549	4085	1633	187	58	3215	2544	1387	276	14	761	2792	1481	554	91	29	12	1867	1327	795	95974203
oyster_0.004_8x_1.hist	67910923	5403519	1191687	459736	231061	144532	124710	111401	67809	66758	54243	27095	37670	22451	14400	20837	16953	8045	16935	9219	5979	2739	13012	4941	1670	5343	7958	2561	852	425	10063	2989	1194	136	92	6232	1790	975	194	2598	1680	687	363	3754	1470	489	218	71	22	4699	95309806
oyster_0.002_2x_1.hist	64513955	6981197	1284362	534253	272472	163412	102089	91194	137749	85428	41361	21228	29512	48728	36335	11560	6663	4939	10398	25594	16600	5186	2246	883	1885	6033	14359	10022	3339	1668	493	145	57	5	0	7828	10211	5569	1112	60	19	6	2	0	0	0	0	0	0	14615	97641809
oyster_0.01_4x_1.hist	73309803	5065591	1002886	407732	192448	121632	134217	100641	39626	42422	49484	34476	15604	25764	13331	8098	12845	17146	7234	3938	4024	6587	10939	3200	405	1297	3087	8232	4013	2005	593	175	2517	5792	1841	114	31	16	2	4992	1771	724	383	142	22	6	1	1871	2268	1360	97002055
oyster_0.02_8x_1.hist	81079975	3398910	725065	277854	139910	87055	68128	60857	43599	23853	27823	20804	8447	13947	12011	4656	7384	9857	1567	3857	7284	2937	1629	3168	3597	1997	818	2181	2952	1475	436	128	4074	469	148	88	1740	948	188	9	369	1421	753	281	45	14	5	245	1291	773	96773082
oyster_0.001_2x_1.hist	63326917	7287799	1329855	553723	283319	169921	100445	89725	135530	103636	50177	24745	21784	35968	44627	21073	12147	5060	7015	17268	23956	7485	3242	947	1628	5211	12401	11336	3777	1887	558	164	64	6	1	8974	10137	5528	1104	466	154	62	32	11	0	0	0	0	0	14789	97714189
oyster_0.001_8x_1.hist	64392980	5923277	1311062	506768	253181	158814	145682	95187	106740	54436	60027	33487	46556	28428	14709	21285	21409	8919	13021	16147	10472	3271	5058	9834	7767	6126	1382	444	4353	10218	3026	898	358	264	11547	720	206	111	3550	3499	1165	476	251	2801	2674	890	398	131	42	5583	94846323
oyster_0.02_1x_1.hist	80163925	3797248	623100	262743	139792	84832	64590	31733	28644	32768	38222	27133	10416	5757	4220	6106	9685	12928	7254	3948	2560	799	1557	3026	6466	3591	809	259	85	41	11	2	9351	2010	638	38	10	4	0	0	0	0	0	0	0	0	0	0	0	7215	95754475
oyster_0.001_1x_1.hist	58911076	14309466	1813404	771320	428089	266855	318116	156294	61539	32797	38256	43228	60099	99233	51349	16337	9417	3922	1441	3547	6698	10966	52088	19457	1143	634	142	44	13	5	0	0	24866	16062	5109	318	90	48	8	0	0	0	0	0	0	0	0	0	0	28079	111196404
oyster_0.0_8x_1.hist	63230046	5974958	1338845	513772	262217	162344	179608	107645	78033	82409	46889	52984	37780	22675	28133	18194	14449	19288	14931	8128	9033	14788	7129	2085	3513	11241	4552	1465	752	10536	4428	1314	524	59	7335	4917	1412	769	152	921	4997	2047	1085	406	66	21	3207	2237	744	3418	94379438
oyster_0.008_8x_1.hist	71914373	4990015	1081766	418835	208633	130713	100328	89620	81634	41632	38561	42672	16382	20271	25151	8001	10980	14657	10897	5931	3846	3447	11563	3382	1330	4256	7112	2289	762	4350	5077	1507	602	68	6859	509	145	78	2753	3031	1009	412	218	80	1252	1604	718	238	78	3157	96017100
oyster_0.002_8x_1.hist	65530430	5703006	1267789	488333	245232	153666	125166	111808	94135	52557	52981	44125	38205	21119	17355	25113	14677	8762	18447	11747	7619	2678	12719	6965	1247	3989	9494	3056	1017	2877	7289	2164	864	98	8102	2186	627	341	2266	3716	1237	506	267	3482	1803	600	267	88	2505	3361	94985005
oyster_0.01_2x_1.hist	73084459	5329329	963347	400413	203723	121932	75229	67200	101507	54196	26239	21197	29470	31013	16047	5105	6204	8282	17435	10921	7083	2212	957	1033	2207	7063	11828	3808	1268	633	186	54	5627	648	205	11	2	7914	3986	220	72	28	14	4	0	0	0	0	0	7491	97349449
oyster_0.0_2x_1.hist	61877447	7939806	1415344	591961	307169	183044	85087	76006	114807	131338	73945	36467	13999	15774	19571	28319	44919	30829	4903	2668	1754	2870	13635	26512	1558	864	194	61	11369	10732	3178	943	376	42	12	0	11741	8722	1743	95	30	11	5	0	0	0	0	0	0	16881	98695340
oyster_0.006_2x_1.hist	69355768	5822702	1104222	455441	225931	136834	91573	81800	123559	71037	34393	16961	19135	31595	39200	12471	7188	4458	9385	18358	11907	3719	1610	910	1944	6220	14803	7285	2427	1212	358	105	41	3	0	0	10139	8150	1629	89	28	10	4	0	0	0	0	0	0	10702	97183444
oyster_0.01_1x_1.hist	73522370	5419503	1085227	408040	227641	142325	173505	85244	33564	23314	27194	30728	42721	42786	22139	7043	4059	1690	1439	3541	6687	10948	22854	6686	392	216	47	14	3	0	0	0	14754	7807	2483	154	43	22	3	0	0	0	0	0	0	0	0	0	0	12091	97256247
oyster_0.002_4x_1.hist	65178752	6272775	1281531	521633	247244	155591	163932	146437	57658	64848	68792	33925	24974	41235	21337	10449	16573	22124	13269	7223	4684	3698	17567	9976	585	1007	2397	6392	9685	4841	1433	424	168	18	13226	825	236	127	24	1169	6243	2557	1356	507	83	26	11	2	1172	8390	96425253
oyster_0.008_2x_1.hist	71206490	5596693	1036417	427227	211521	129463	109657	97954	99383	50684	24539	16716	23240	38372	35708	11360	6548	2727	2788	6863	12963	4779	8055	15661	920	510	114	35	447	6270	10409	3092	1235	141	44	1	0	5494	6104	338	111	44	22	7	0	0	0	0	0	8914	97299292
oyster_0.02_4x_1.hist	80991491	3608705	713962	285534	135654	85478	97289	59475	26845	30710	35821	17665	6781	10334	12821	12322	7102	2958	2458	6050	9365	2925	1266	554	1184	3790	5763	1855	617	307	90	25	5427	625	197	736	739	402	79	3	1102	1479	784	293	47	14	5	0	0	2716	97147937
oyster_0.004_2x_1.hist	67203837	6217552	1166920	483175	242788	146527	95351	85175	128657	90621	43876	21637	13835	22843	28341	31665	18253	7604	2442	6012	11355	18589	8054	2355	276	884	2103	5608	13808	6903	2044	606	241	26	7	0	0	10305	6354	352	116	46	23	7	0	0	0	0	0	11233	97098630
oyster_0.004_1x_1.hist	68192018	7372308	1524025	559059	317064	200012	216518	193412	82758	42205	20434	19338	26884	44390	55075	21355	12310	5128	965	2376	4487	7345	34889	15380	903	501	112	35	10	4	0	0	7089	21268	6766	421	120	64	11	0	0	0	0	0	0	0	0	0	0	18558	100635991
oyster_0.0_4x_1.hist	62753692	6645496	1392600	558984	265831	168209	191040	147561	58101	54614	63704	71985	34723	19193	13751	19898	31562	23571	3748	5245	9906	16217	14990	4385	488	1561	3714	9904	8556	4277	1266	375	149	16	13456	2499	717	390	77	3	5528	3267	1733	648	107	34	14	3	0	10785	96050408
oyster_0.006_8x_1.hist	69745898	5246938	1139778	440427	220410	138165	116164	92671	86275	43999	41528	46926	18015	21640	26849	9280	12444	16369	4716	11607	9055	2828	4141	8051	6432	3572	2187	5831	1942	970	3987	5101	2039	234	73	5964	1713	933	185	9	3006	2659	1410	528	87	1676	750	249	82	3146	95593950
oyster_0.006_1x_1.hist	69524382	5615848	1064574	443412	227093	135373	76488	68325	103205	54264	36175	40877	50366	27841	14406	4582	2640	2033	4279	10533	19895	26692	11565	3383	198	109	23	6	1	0	0	0	7322	17088	5436	338	96	51	9	0	0	0	0	0	0	0	0	0	0	15509	95460846
oyster_0.008_1x_1.hist	71299163	5425919	993109	416189	217294	130039	78415	38525	39971	45725	53336	60269	44630	24670	12765	4060	2339	1413	2975	7322	13830	22641	13376	3913	229	126	27	7	1	0	0	0	19982	6739	2143	132	37	19	2	0	0	0	0	0	0	0	0	0	0	13391	95767332
